5866.015
6999.2983
4838.3135
10174.981
5087.2183
4000.658
5296.5283
8150.879
7158.7256
2654.9678
5002.3823
10757.225
46122.707
4962.8516
7039.569
14776.15
5555.4316
6290.625
3448.5908
2729.2444
5864.6577
4267.402
5630.54
8211.898
6932.7075
5015.727
3593.2935
6616.493
8605.127
6598.3364
4253.127
8131.4214
2797.1973
2695.46
6087.9556
4499.8584
6381.238
5174.2417
7820.1133
3567.7747
7619.7915
5511.204
8068.376
2714.4875
8859.076
7326.247
102715.61
8759.049
3686.1357
14989.964
8438.248
5632.405
7286.6606
2682.0225
5448.2656
6854.543
4720.835
3701.0962
6164.9
16200.266
12091.852
3084.1086
40253.73
4931.282
5620.145
4594.993
6385.5454
1038368.3
7833.7686
4809.332
3521.3008
7674.3496
4333.884
92601.3
4840.164
5414.8926
9205.27
11080.471
5080.963
3863.5522
5508.0283
5206.5967
4737.89
5091.9043
62367.945
8146.6274
3954.9424
5604.3994
2571.258
2469.3713
8264.159
5668.6416
4189.7876
6447.497
4566.8857
7258.6265
3977.321
6012.9023
51497.3
8110.869
6866.024
4616.5312
4786.7485
5078.484
8598.892
151549.47
3363.8477
10855.332
10136.326
8838.494
5614.9985
6483.2505
2637.1543
3673.767
6135.8833
6090.205
5091.9243
3887.9316
2600.8645
5475.3906
3049.3235
2339.8232
3956.6272
6928.798
6732.657
5797.88
5118.3916
15494.039
4932.6714
4986.833
4325.3677
4469.404
6322.7725
7629.8896
8555.068
8171.949
14775.013
6263.9756
4625.2563
4058.6904
10580.336
5833.9805
3177.726
3957.785
3986.337
4555.2876
11145.138
6868.1343
3878.186
6152.7227
9321.466
16258.3955
2745.0393
14019.354
8327.961
4024.3418
6314.421
10315.252
6317.4844
11446.081
10756.811
4105.742
6126.1997
3474.1558
5279.1064
4548.6943
4080.824
3518.191
5614.6055
4737.0596
3948.9229
5033.9873
613229.1
8244.23
4515.837
10836.772
2976.4314
4250.49
5611.2607
8182.6787
4551.193
4475.2686
6397.587
90051.21
5141.499
9399.175
4957.6978
3200.5298
3681.1338
38273.844
6915.4375
4316.822
2273.4324
2771.4683
2452.298
6364.55
5581.644
9902.446
6543.505
4354.1753
3831.1602
6224.259
5764.1763
3924.2056
10951.906
6023.531
351911.22
7903.2593
3995.275
6137.178
256172.4
4725.2793
6827.09
136709.78
4321.477
3723.0984
5308.6226
8198.722
5384.1743
7292.465
5757.3643
5923.578
6362.9473
6038.2646
3419.7314
8598.751
7347.1685
4393.451
6581.6636
4841.9023
6550.506
14728.734
8673.953
1609634.0
5326.8877
14034.816
6435.3384
12969.029
6578.487
5933.404
4091.2383
4355.1167
2637.1128
20758.91
5311.003
5702.115
4264.565
1932640.2
6777.6504
7395.296
6296.098
4854.2363
13633.376
4473.006
7824.9014
10589.492
4923.5674
6677.7334
4606.332
4390.0254
4965.258
11902.816
6388.1787
8437.782
6575.6406
6277.723
1424719.5
113062.56
44618.707
6532.596
5111.466
8339.722
11646.229
3057.1396
17488.584
14901.788
5260.764
9992.964
4680.633
4937.177
7039.049
4617.8735
7247.64
2447.884
108177.3
5552.6084
6495.593
8152.3613
6281.1826
5240.646
194162.34
175018.42
7316.4365
5680.555
4822.3164
6940.832
6228.6523
8715.889
6393.1465
9882.658
5745.9204
6600.374
5652.456
4383.7812
5936373.5
3847.6306
8932.629
4603.974
7394.441
2589.0183
4182.215
194296.5
7696.216
4199.1675
6607.4536
3941.8093
4640.2095
227171.44
9782.7
8093.803
2900.2673
4620.412
2719.7876
3014.5298
2274.9014
2839.7283
4885.497
5060.7695
4530.75
4064.5352
4261.8906
4798.2285
4844.756
9365.488
4761.5234
4916.8
8709.853
3750.9375
6721.2393
6585.8477
3759324.2
2392.7188
2803.7434
5253.537
7417.6313
5940.166
7921.972
4327.738
9637.381
4332.74
7771.3574
4030.77
5862.24
1097550.1
10063.191
4451.0225
4988.116
4276.091
5521.709
4362.618
6378.3423
5270.9575
5299.0244
6193.999
6963.596
36511.617
2248.5698
8423.349
11617.063
2636.233
5750.516
5128.7056
6349.416
5701.0303
11778.005
3492.2747
1880710.8
9956.926
6934.301
4678.2295
5568.5435
6968.8936
5764.7734
3769.135
6404.6655
3756.7478
9181.141
33935.832
3140.9043
123769.38
5470.117
5106.7266
6168.6445
4140.965
2488.717
3646.5796
26005.398
4235.6504
5557.9126
6009.9775
2678.408
7500.8027
2905.9907
8397.128
5280.406
8199.7705
8598.806
119184.68
3079.0833
7189.3115
5916.8013
4142.9175
8985.76
4046.632
5049.2466
5162.386
5034.666
5638.336
5803.187
12350.628
5368.7764
3527.7563
85648.42
2839.4175
3254.2236
4580.2974
7081.2227
215945.14
4088.4902
5275.073
4327.015
28143.924
20771.875
3297.5884
28895.184
196842.16
6314.261
119224.29
4176.0625
3907.6523
3965.6306
6525.379
5240.8857
7156.2646
8439.807
31247.63
4853.317
31637.814
6510.357
129380.53
7813.8184
2389.835
6436.1006
4689.6406
4292.2993
6749.815
4343.3774
4599976.0
3860.238
5440.89
11503.08
2433.7178
4290.751
3254.9558
6943.3345
4207.8174
5761.8374
5512.307
6846.8506
6902.1514
7424.857
4979.7954
2541.9302
6014.902
2677.5903
8241.678
5496.5825
2673.4622
2974.5132
6071.971
4413.698
6988.81
4148.683
4663.028
4131.4194
11248.655
10228.331
6665.2754
12658.41
4285.1055
22853.46
4471.363
425001.28
2352.8826
7140.5464
4395.8984
6620.1196
2027.7974
7296.822
4080.56
5696.891
6729.2373
2776.4028
7274.2236
4731.258
10708.068
7501.09
5867.5273
10561.136
7188.778
6069.103
3860.2034
6624.2803
4910.9126
4817.1387
4505.751
6468.072
4474.5273
5620.0723
7088.5103
8850.246
7133.5156
11282.887
16574.02
7756.2812
5786.288
7671.331
2259.3564
7037.5645
5909.661
4495.3096
1872336.2
4715.7954
70612.58
63275.438
4524.679
4358.8677
8409.283
4881.269
6344.8594
5273.599
11055.904
5772.67
4553.8916
7795.491
379562.66
10925.285
2675.8699
5596.5044
5919.382
20644.115
6667.161
4062.7039
5807.9077
6773.19
7478.8022
8074.1343
4098.849
6334.957
378805.66
4418.4136
5447.083
4133.6143
41067.3
5060.184
5506.9297
9791.087
2301.357
4120.409
319010.4
15430.29
8144.6074
5339.964
107585.94
4987.2207
3712.7227
6025.297
7028.885
56505.867
1989906.9
8908.633
5509.2476
6027.1826
4386.2954
5708.9497
4545180.5
3419.8887
4111.335
6119.4697
2798.06
4579.236
8019.829
6017.5366
5885.121
4582096.0
5097.4683
6944.062
5232.291
5379.9536
6105.128
6214.889
5068.521
2506.079
3303.8064
414006.62
308946.8
6933.2124
6630.147
4107.932
175051.53
6342.537
4182.1494
3199.2275
4980.6333
4454.2593
6314.2266
4147.954
37292.93
136207.8
6408.0854
2265.7224
10749.746
5955.437
4380.1313
5854.2393
6182.7764
2753.3213
11533.932
9098.209
3840.592
4491.045
3737.703
6882.8228
3836.2295
2504.6313
4006.7559
6494.302
4298.212
5703.57
4511.4756
6597.7314
10779.948
680555.44
9803.254
3768.8516
6017.352
4292.682
6888.5737
9146.45
7082.962
5836.6895
2580.8433
6257.596
8407.157
8470.142
3898111.2
4585.483
4596.6553
6218.51
889229.56
6555.6636
4399.3613
4661.5093
3414.041
6163.0664
7154.9253
11104.126
3791246.0
6767.8594
164364.67
5548.427
5256.813
2797.9814
4112.0225
50155.19
4586.8354
4859.187
5472.776
5288.5273
4159.366
7374.3364
5048.3857
5281.2363
11671.444
27846.092
8154.356
5388.4766
2451.1982
1563061.8
4461.531
4833.813
4484.3906
7545.457
6334.4785
9392.48
5402.123
6387.957
2373.821
12177.395
4660.6953
10266.203
3745.4807
4136024.8
3132.6414
8943.854
4099.377
5000.421
28791.684
5332.301
8089.2236
5643.282
6788.042
6401.7305
209252.06
4235.8096
5704.029
4685.0723
82806.49
9245.247
4404.511
5831.8423
3498.6274
4372.825
159511.53
4353.6597
3701.3398
6111.564
2607.0642
51543.72
4440.313
3249.6013
5606.336
2884.3787
47862.6
7455.874
2695014.2
8359.695
5202.8623
7130.572
1690222.1
21978.518
5717.0967
8923.956
5299.6465
6041.2803
177967.94
3824.583
4961.944
7739.508
4968.0596
109795.98
7065.51
5407.6274
7113.2393
9002.482
7554.8423
5855.3975
5287.8164
6530.196
7949.695
3716.231
6219.1836
4533.3013
5493.364
4858.61
4448.7554
13483.874
3739.559
34410.164
6098.0986
6289.8037
5587.0977
3391.5557
5420.501
4429.0674
2386.3396
455520.2
9980.815
8696.682
11867.927
10788.057
7777.8926
757297.94
3946.3674
4424.8315
4405.903
6381.3887
2840.6772
4627.111
9448.513
5644.6562
10225.219
7399.876
5740.441
5666.4683
6370.2275
3317.151
4909.6216
7090.754
6528.6807
5653.517
4245.8706
5948.7783
170500.05
7242828.5
6260.5576
5270.953
6839.1094
4773.751
4043.407
8231.133
12504.386
5080.562
5439.669
8656.688
5553.427
4139.169
4849.713
6752.0786
4006.0093
3945.8403
5230.8877
5873.5923
3984.8672
38069.26
5854.441
6708.4233
4987.8193
2788.2166
4289.8486
7936.7134
4213.082
6895.4272
11427.092
4734.719
5023.7373
7910.3516
4363.1323
3008.6235
3737.3977
53978.28
70239.875
30761.262
6721.797
6501.511
14591.319
3362.9922
6548.327
6389.54
1763287.0
5573.6265
1734372.6
21780.7
2752.3054
4490.784
7917.753
1697458.2
3823.8994
5697.376
11093.977
6246.8613
10590.884
5734.5483
4892.2627
5577.8286
13390.054
3598.6675
4057.2024
4765.204
7195.6553
34018.277
4188.894
2394.2305
9190.975
3839.3303
7227.413
26139.066
9732.428
5902.93
4410.5645
5644.3184
144772.23
5566.802
7223.4575
12135.6
6757.5435
8418.251
5502.351
3876.176
4400.7847
3670.9492
3324.0996
11124.617
3063.256
5154.761
4711.821
3783.9985
7294.2275
4114.8696
8064.838
2774.3357
49944.836
7752.914
24851.367
8305.609
110636.95
19536.406
179499.67
5066.6724
5546.7773
7432.4424
5657.3413
5416.299
5669.7183
3773.9412
5468.3994
5073.146
3944.8484
9058.25
98780.195
7475.3438
4345.08
5126.1846
4340.1304
4204.165
5526.876
7261.7144
4243.2505
10336.332
17958.115
5413.013
1109882.4
3819.5664
15769.473
3382.4673
8673.547
7214.4663
10243.541
5852.361
4307.6406
10151.012
38772.51
3906.3267
9872.366
9302.652
22657.49
2391.7383
324827.44
5015.041
460282.75
145982.94
4137.3804
5380.3384
6468.8066
95626.8
9644.892
11394.093
19371.502
9697.049
6786.53
4814.2666
7191.4937
5526.377
3223468.5
5937.98
5598.328
4820.876
6920.177
2589.542
5949.3364
2492.6543
3924.3875
4728.135
41806.305
11626.765
18749.457
4334.414
6821.8
220221.88
10155.178
12011.827
6570.6353
4723.7983
6139.8623
4525.4473
2099.9724
6106.5586
26428.486
2322.3755
5386.6743
57008.14
6057.158
8980.405
4133.267
5760.5093
6861.3657
5363.6855
6167.2944
5390.085
9233.891
4319.8726
60891.152
4593.83
7194.6445
5619.787
4669.0146
5381.384
10987.089
30291.611
5320.9346
5371.9893
2542.9988
3551160.8
6482.0503
4292.4917
526870.94
6053.4175
7209.3184
7108.587
214360.53
4761.794
6197.287
5085.079
5607.174
11577.217
3642.1196
8896.18
4830.859
5355.725
2791.412
6035.954
5098.56
4742.596
8266.967
9630.607
4206.749
3773.465
14911.896
5263.7695
4904.9004
14111.344
4581.6147
6014.9863
7083.5693
7149.6123
6654.6606
4323.66
8135.421
6417.7363
3140.4768
6569.7344
6054.455
4979.669
5300.676
5620.2266
3845.575
3825.3164
4858.2773
7979.522
9088.311
2264.2485
6272.6865
6465.848
5488.9243
6875.795
5746.8916
4197.9614
12369.464
6712.661
3833.537
5587.201
5927.6836
7791.8804
4953.089
8950.531
3609.4329
4838.831
4577.623
435224.66
5054.4873
10420.709
6450.474
7836.055
2595941.5
3629.7344
4232.364
7832.9355
6230.2876
7287.918
7836.464
5023.722
8505.851
4412.303
45141.477
4613.5376
17612.393
5783.385
4469.3647
6924.7686
3628.7979
5909.468
22504.871
6479.6953
41176.21
3727.4077
4301.7803
5477.479
4618.291
2667.8713
5220.8677
8786.23
4651.8325
5056.608
5280.6865
10670.149
2004676.5
4220.3135
9446.434
6306.1313
5447.577
4133.7646
5528.1616
4494.2905
3350.9434
4749.3066
7717.1787
4949.4307
26472.11
4523.686
3379.2139
13115.339
10251.961
5870.2007
6616.6953
7673.9946
5222.107
5204.5
52752.58
3522.0173
18686.307
143969.33
1963.8933
5434.709
7257.024
5487.4697
7130.14
4775.116
5482.9697
11356.291
8339.575
3055.7983
2398.4954
2042.8229
6791.532
6357.717
5180.149
6142.499
60329.195
3183.8699
5663.4883
29056.215
8029.7637
7051.7695
4870.7837
11814.346
5012.3945
4570.992
5664.5547
5126.123
5419.267
5111.313
4492.4126
5299.8706
852114.3
4917.197
12268.896
109691.17
4328.649
5446.85
3675.0327
7826.4214
4591.475
6106.9355
3752.1477
5049.5376
277645.56
46574.617
3589.3928
328959.53
276776.56
7084.707
4098.076
4359.6875
2488.756
2617.6113
13709.19
4088.5605
13649.881
4686.86
3689.1042
6479.3735
6462.9272
4714.1514
7600.8647
7093.888
8356.614
47249.445
3497.197
5780.4893
7269.5864
809315.8
3801.7974
2706094.5
16727.365
7448.4277
7377.6953
56103.742
5571.7207
2365.8792
4519.871
6361.411
4436.072
2562.9421
5789.387
255481.8
87226.02
5547.447
5173.5967
4854.212
5004.166
10030.192
5687.0815
2268.2676
6898.287
7152.199
5498.129
4821.5205
6525.4336
13404.6045
128976.79
5190.157
6757.9697
4142.485
11200.055
11017.851
6876.0806
6121.111
8457.169
13235.253
7876.5986
12527.107
2663.5315
6310.751
2061896.0
5561.681
130240.81
3796.3665
5213.0645
8753.834
2254.0195
7073.6514
11286.23
5245.1035
2688.5308
6571.4287
531583.4
6295.4297
6866.89
6510.83
5687.179
5712.573
2665.782
6426.33
4664.6084
7164.3438
2615.0713
180246.23
6533.617
6446.2188
1979538.2
4690.7324
7755.8057
5107.2295
6586.8267
5168.7856
5286.573
3125.6594
6745.453
7823.1133
6975.85
6602.6157
219082.89
7196.4863
5473.912
6651.59
7661.6797
1064131.8
4584.0244
5726.143
4009.4065
3635.2554
3965.1086
5906.495
7387.176
11690.211
7088.1396
5449.6816
2456.0088
9174.864
8822.397
4762.3374
7986.152
15655.351
5931.5083
4042.1345
12729.426
4341.369
6026.7383
2980.5464
3173.6353
5464.744
8877.548
8907.688
88586.99
7052.0654
5881.605
2990.2026
9162.265
60119.67
5431.8477
2922.1196
2517.6572
5238.51
3707.6685
4943.7153
2436.6394
6885.6987
5007.1396
6750.2314
5996.9214
7527.96
2302.538
47708.562
5043.342
4437.7495
5893.816
5979.864
4658.6504
5227.162
6239.985
14713.244
8813.958
4998.6787
6677.191
4492.9033
3863.4983
6355.006
5787.918
6173.164
4131.3706
1641123.4
7911.788
11072.582
8244.939
6410.4536
8680.804
5101.0874
6500.5776
6250.3896
6755.803
7051.0664
2710.2173
3895.2678
10169.252
6946.511
10582.789
2900.9937
4621.6855
7912.7896
6095.5615
6142.8057
4165.241
5175.78
7408.8374
5523.2344
18639.871
4338.182
2547.8555
5019.4326
13391.654
7102.4585
9587.769
4339.2407
3888.8662
12972.162
11652.36
17091.334
4603.7646
8607.792
5736.7256
4224.229
320289.78
5536.045
68973.56
20268.188
13328.392
7194.7905
27214.463
4523516.0
388622.22
19793.293
6073.77
6115.895
2741.4404
5409.0483
4402.666
2258.1482
4074.78
3749676.5
6683.9854
9513.254
4198.698
5571.951
5982.912
5465.7324
2135.3428
5675.4043
5139.127
3716.2126
3578.8804
3275.959
6232.2197
5074.8726
4243.615
6804.813
3608.7822
5049.367
6451.036
3593.287
3981.7935
6341.0654
11902.31
7074.671
5919.267
16401.93
6069.989
6223.608
4423.413
8949.832
5964.14
6793.737
181177.2
5290.2915
2780.3728
6961.347
1373062.1
4136.8916
16552.365
5624.633
9909.302
5097.827
7134.7485
175231.03
446198.53
4882.0464
6921.5117
6724.8203
5044.95
6041.5825
2176.148
6234.3457
130687.47
4161.3433
4336.3066
6801.532
6446.9966
4472.865
6893.858
5177.9014
3914.3486
865592.7
8342.972
10527.631
13731.237
2206.5608
4624.4697
6233.3926
514251.6
3886701.8
3581.247
9626.489
7306.003
5564.1064
5337.569
8760.777
4163.4634
3183.3486
2822.6738
5530.1035
5454.8247
3885.0356
5014.9736
56956.434
5101.454
3427.5427
6002.753
4044.229
462475.34
6283.034
4945.8257
4322.7783
4264.092
10253.517
2758.1543
6653.08
8534.704
11079.365
4682.289
5132.6064
333246.44
4591.7485
4928.391
6488.2314
5479.74
5424.659
4106.438
12631.312
5368.6973
5303.431
224193.7
13907.923
6161.2603
6219.7217
9894.352
3223.176
548582.9
4202.577
147191.03
4305.387
7112.357
2025.3479
2929.6182
8696.541
6550.2603
6588.851
5207.2134
3672.9575
14960.667
5763.126
7168.256
12454.134
3386.9248
6179.1235
64831.477
5088.06
6015.56
172085.17
5711.796
5524.2603
3983.8145
5928.111
10263.285
5900.9937
5359.4966
2951.9365
4127.8467
7696.9365
3811.2107
1214110.5
8934.178
4759.2163
4126.495
5573.4966
4633.226
5754.8584
4718.037
4929.334
5162.4907
11495.599
8417.672
8483.692
5305.207
19436.402
5564.009
5648.6074
7722.132
6038.797
9700.113
5083.37
5680.4727
4543.3477
35756.79
6248.8994
895881.8
4427.7026
15366.831
4657.783
13850.488
4002.7793
2676.7253
13488.646
5095.8867
2255.6775
12413.295
9044.343
5637.0493
6293.7925
187585.52
5258.9326
49684.6
4414.5044
1930305.6
15105.863
7868.3613
484822.88
8363.3125
3459.374
4585.74
6561.9316
7757.6455
6445.11
155535.2
6626.841
4694.6167
2725.8828
7596.4155
13442.665
5221.167
8002.6265
3736.933
7096.027
6675.6865
5126.328
6081.7236
4970.496
5294.7695
5555.844
3641.9944
7540.058
6899.489
3146537.5
8992.702
2370.2598
5881.452
5335.9023
6707.744
273055.62
2470.1667
6277.9707
10899.151
9372.911
113099.67
7621.133
2302.6167
18743.246
6126.248
19003.943
6622.2246
7717.694
5652.6836
89142.33
4990.9243
5100.1934
6531.7466
4507.804
5217.073
13904.832
3277.3123
5673.762
5201.1772
7308.0117
52821.484
5709.885
7830.587
5356.361
5370.548
7011.3105
6873.523
4943.298
316875.1
4372.8945
8570.293
4284.827
5291.499
5468.884
4567.9985
3788.527
2567.7285
8238.442
3784.5654
4194.787
4293.999
8132.0415
4444.033
4800.16
6265.0415
11827.456
7894.6094
4861.574
8443.296
266694.5
6826.0107
6281.666
7116.43
5569.2354
40311.156
5565.0283
5957.1685
7430.472
5510.05
7704.337
7369.6016
5821.6772
4074.178
5199.6724
6905.032
2844.399
4221.095
7213.5195
6729.3203
8769.63
9716.024
4578.5024
6107.884
4186.2344
2419.796
6619.285
4267.9443
808259.6
3153.435
6382.0117
9097.551
6423.734
2436.8308
1271707.0
6121.2256
21829.504
3726.561
2848.3994
26060.29
3632.4224
9355.428
8200.734
2961.7832
4211.5605
5282.0493
8810.572
5524.942
3412.0063
5770.0767
4706.215
7736.1523
6978.293
3958.1667
3911.5195
4922.7085
3713.2546
4476.8027
335494.7
5163.5654
5388.6094
3181055.5
7564.4287
2750.5698
6038.7695
5875.344
6116.514
9095.2705
6857.5674
3258.8838
5473.2095
5685.73
3262.4688
7069.1387
2355.5063
4630.1045
6552.0146
5809.478
6372.682
5436.3516
4786.119
5662.3447
5959.0723
5731.3325
7526.1646
5237.7344
3701.7632
9974.934
4780.588
5738.783
282797.12
5224.3965
3460.1594
4149.3213
2649.9583
4885.8955
5721.4443
5217.4634
2800.067
4407.6875
4403.789
5841.087
6608.6245
9426.1875
2186.2869
7507.2007
5711.4727
4183.701
10649.852
5322.3813
6726.3667
13436.509
5575.351
6509.6997
43825.01
4344.84
13121.464
6950.117
177569.56
4203.5557
35845.02
3779.7136
8561.634
6662.8486
54849.688
4084.3462
5602.085
29915.184
7127.607
32053.04
5587.8135
8926.383
5694.46
6955.6904
12438.559
8101.631
6805.6484
4631.1187
8795.145
351862.94
8631.154
2424.8167
5873.363
3711.232
2611.7595
3085.4846
6650.4004
6166.13
2875.8525
3647.3994
77689.26
4197.029
111108.38
7249.6436
7413.884
5440.167
3956.9937
5212.436
11894.082
3855.5957
10104.115
3437.4934
5639.249
7362.0713
8881.333
4961.676
4794.99
17986.277
3493.3325
4828.142
4712.3784
8032.6553
4678.4014
2314.274
4666.4346
6499.257
5836.9756
7385.0444
5812.2476
6846.826
4334.282
6331.5103
5716.6265
2464.7808
8032.7686
6648.7515
5430.53
11897.07
3798.7046
429447.44
2392519.2
85687.16
177651.05
4092.1826
2814.8823
279812.75
224944.33
8634.822
2447.5645
6373.8486
5502.5547
4055.4849
7350.0728
4361.2876
5093.5317
221432.92
5076.028
25525.916
2567.135
6074.819
5917.095
4832.239
5461.9824
3921.572
4195.8677
7554.66
5013.369
4041.3542
7793.1147
4113.5205
5874.5405
84811.83
5365.6597
5906.768
54019.94
4358.3994
6545.911
1210855.0
7698.8496
5749.697
4299.958
9619.098
4478.8413
5636.418
5330.0527
3874.4285
6041.685
2682896.2
4600.499
2311.1685
3738.0676
9662.263
7035.808
8776.126
2305.0142
6775.9556
7187.5435
5474.4844
3570.3145
2735.8167
6767.668
8154.376
4885.673
4339.345
4274.61
5339.078
1214655.4
10255.871
4288.418
6625.445
5274.1836
225484.39
3784.5781
3081.414
4815.66
4884.751
3150.2686
4515.897
5863.049
5430.088
5154.073
10344.306
11656.02
3933.959
6078.4233
6473.9653
5326.273
3994.8901
5819.713
28617.236
5363.423
6228.618
27589.078
6797.425
8668.384
10119.877
7651.919
5932.9062
9130.683
5523.3066
5818.6646
7672.055
2215.1323
5133.744
7515.13
4402.0293
5654.864
5935.6235
4537.5938
6389.869
4602.0366
8281.453
6362.0127
6606.3584
9555.583
9423.98
9075.446
6795.3325
6423.5693
6074.964
4651.8276
251330.48
7605.7896
6333.247
19999.703
4863.682
8055.0107
6622.6147
7027.162
93951.25
5965.842
4930.9336
10993.456
5416.369
8279.969
6997.7803
5905.9
7661.631
2608.4404
5311.1963
5268.4727
5279.3145
5820.804
481585.66
5473.2656
8750.173
487650.7
6812.849
11258.259
4398.8296
7053.1143
8756.975
10238.859
4920.741
2771.242
16215.0625
4677.175
4627.3584
5175.7715
4365.06
5224.2266
152933.81
9761.39
15137.346
4374.252
5728.7485
5020.81
417186.06
6955.2544
5811.336
5167.1045
5451.382
6015.1616
7014.9775
15520.052
6882.9844
6416.2617
5833.827
7205.508
5851.099
4490.011
4397.542
8195.157
10707.384
2410.722
7307.6807
3758.3528
4479.868
6642.003
8428.937
7358.701
729586.7
7582.0464
7420.947
3145151.5
6033.4766
5036.742
5999.099
6270.242
7372.1167
5501.1016
5778.3726
5768.448
6220.9336
6379.4985
4901.665
5745.895
4755.8193
5763.1323
7732.457
6036.7856
5645.9556
40945.758
5836.9146
3509.8374
6979.3276
15206.75
9015.993
5306.016
5107.666
6223.1025
43148.895
6209.459
5033.0654
8354.669
4151.407
3748.8667
8972.98
5684.3325
3132.808
8322.128
4437.1777
5217.916
10659.006
4798.69
2491.4006
5235.8613
10279.309
5297.2954
5703.7417
4892.92
5141.9385
4215.2593
4192.5576
8298.162
4170.4023
5544.3413
6801.374
9365.511
2620.4834
8897.341
6187.5664
6333.0293
4677.432
5897.069
5401.3496
2419.5671
4979.444
4247.979
2481.579
3925.9592
3539.0957
12539.434
2850.8335
6565.6255
2408.7195
4797.047
53595.703
4242.481
5283.143
11601.434
7660.7056
8341.772
6628.5044
8076.861
7663.559
591514.5
4552.971
4038.9648
2876.119
6707.5415
2180.019
5119.2866
3048.2122
4128.378
3655.0984
5374.6064
4450.167
2643.7017
6150.0312
5896.6885
4440.5513
4674.1045
6255.4307
8423.15
7109.993
5850.922
7823.7383
5840.1523
276075.94
4547.4673
8312.796
6616.19
10017.173
4118.3477
5863.3184
5255.56
4465.6396
5839.8022
5094.4785
7449.7617
6989.684
17450.217
5598.449
3765947.5
7336.8184
4932.349
7025.4443
7000.084
9566.932
6481.1587
6428.1367
6995.5693
5839.0317
5321.985
22271.637
5806.3906
4889.865
4399.428
12174.414
6488.6177
7298.4478
38102.47
6271.4233
2500.6636
3200.4604
6226.5537
5230.5615
11043.28
2841.2537
15057.126
7350.924
20118.621
6120.9663
4851.7026
8559.65
7237.8115
370960.94
5069.2334
4288.4624
121002.09
7083.6777
5001.1665
3965.1597
5983.8193
5282.4487
7295.7534
6503.076
8140.395
3642.621
8194.57
3414.2185
3484.8862
4164.04
298932.1
4630.495
5524.582
2556.0974
3948.4265
4907.246
4954.5977
5895.221
27876.316
5233.383
14948.158
4951.3755
5490.4575
51204.527
5092.2495
5928.6025
3959.7136
3814.7422
5182.2075
6551.832
4057.8113
5938.1934
6155.6484
5417.8115
6104.651
5448.604
8489.465
2124.4092
2484.4622
5497.327
35442.492
6918.7954
5635.6924
5551.309
5076.616
6774.583
1262910.6
7819.4653
63552.363
3929.1653
5646.6055
4451.375
5014.2603
8126.1553
8835.856
14881.687
12501.837
6407.0625
3544.8992
4796.501
4976.9976
2257.796
7072.8193
9034.218
6801.2725
11181.574
5249.063
5465.0854
2141.59
9242.688
6430.756
6764.8228
6483.4097
7943.6797
4372.941
11046.496
5339.457
6374.1377
4404.431
5976.964
5861.8335
2513.657
3954.3176
10408.427
7373.7896
5822.0693
4086.218
6414.9697
4855.579
4340.799
4261.7964
7895.565
2307.9026
5718.0547
7102.8706
5821.839
4838.1646
5277.909
3431.1313
4351.242
4430.0044
7809.8154
4694.301
9845.425
5726.5312
162433.47
5786.133
11208.141
2628.1836
4800.3076
3712.042
6047.497
4545.8306
89593.03
10752.685
6366.767
8685.372
5808.1836
5223.069
4850.0493
15865.569
5867.787
4442.401
5391.881
12700.988
8178.119
5074.524
8216.822
9602.832
5591.3154
5053.1494
4588.347
131642.84
7147.5938
6762.6953
4869.663
8727.816
5790.8867
15784.529
252006.83
17644.123
3040.8435
126389.664
6865.6265
4554.6455
6795.333
4434.8984
6234.788
7249.9375
4879.749
5883.18
7645.09
9677.423
6762.6895
5636.8843
11243.932
3160.9146
3470.4019
4691.805
7264.803
4229.65
3582916.8
5468.9575
36301.55
2421.617
4076.63
9765.13
29933.695
77121.08
5640.3457
8899.578
8309.478
6000.4976
18699.646
3848.2793
7870.9873
7314.453
5317.7695
5838.384
4675.4136
10779.339
4350.062
3330.7412
5191.2236
3449.0547
3596.4385
176799.98
2446.6392
9982.515
6613.661
3221.1406
2557.0127
3697.9185
4396.0347
2530.5537
4966.685
6191.1675
2018.9209
2607.0154
3498.9746
6749.287
2659.4067
6546.797
6407.5215
3863.551
2600.466
2742.2224
5226.298
3539.7512
5076.41
4600.081
2354.6846
67461.586
5493.267
2865.7483
48390.38
18105.3
2851.7932
5364.7827
22175.75
10099.002
7966.16
4612.331
3961.2717
4358.6177
18685.582
3801.0662
5665.116
4901.991
4314.16
5213.5664
7188.496
3970.485
9551.207
6646.318
3883.1348
72342.32
6476.0103
157047.3
5202.454
5094.0684
22696.676
2914.861
6572.918
5441.391
6898.353
12510.819
7344.1436
6403.548
9479.547
7236.488
4936.729
4347.111
8689.231
5366.202
2211.526
5447.325
5844.1084
6819.18
9813.431
10358.916
2852.7083
6487.584
5801.65
9763.043
5777.4146
10100.753
5326.4536
11600.836
32648.277
8835.527
5640.3135
4664.189
4081.7007
4989.578
5130.6694
239033.27
4227.249
2421.4587
7029.828
5160.9287
2620.0383
14118.139
6668.9175
4169.5645
5534.279
41323.395
4830.122
4779.1997
3119.3574
3460.9358
3799.3962
5091.513
19081.773
5588.1626
5223.9517
90242.805
5009.0464
36244.5
3425.831
16350.84
6831.782
2548.4946
4994.858
7328.9575
5361810.5
6236.398
4956.4307
2782.1199
15853.507
7143.063
3132.5747
82235.414
4335.5923
5860.9473
70051.8
23877.318
8351.357
3728.1716
8273.471
5708.4326
7748.193
5043.6387
6247.024
15771.588
3928.9133
9870.03
5795.116
3694829.8
4455.6655
3448.7864
10086.01
2622.2231
4751.121
4434.4185
2741304.8
8880.58
5314.3335
5991.6016
5915.777
4550.3228
5305.8755
8916.861
7028.528
6218.46
6799.8374
4566.137
5349.1826
7459.2407
3790.078
3316.1038
5434.6636
7618.2905
5089.039
4179.7446
300018.72
5877.7686
5670.8975
5388.7246
4135.0703
14554.555
7833.1094
4524.3535
7039.276
12404.668
1378194.2
7370.804
5353.5225
31039.26
193474.0
4899.141
10880.938
3347.2283
3679.08
5297.392
6552.752
17127.088
6056.2876
5031.6934
5980.1084
35936.12
422115.16
14173.714
5810.6475
2718.0051
7856.3325
2721.2397
5135.4766
5213.4365
3786.5632
4248.262
6331.2866
6586.621
4987.359
7243.8057
7057.7344
4916.159
8479.798
9090.436
2499134.8
4532.574
5494.7324
13453.015
3723.2058
2445.626
8388.606
4305.532
5707.6436
5310.9536
16640.672
6941.083
2000427.6
5398.7075
2851.494
3981.0007
3503.0266
503456.8
2686.981
6348.391
6357.17
2196826.0
5471.79
2515.2217
3635.9375
5629.6743
13222.051
4064.388
3816.6455
6714.7354
6304.3765
2764.9639
335049.8
5191.587
5133.042
2445.4553
4190.836
8070.823
10133.843
2480.6057
12669.786
5555.4062
6210.7705
5380.878
7911.155
7186.5654
5538.707
4601.202
4397.629
5463.579
6106.5015
4925.935
6433.955
95804.44
52267.91
1226131.5
5504.091
16059.384
3484.1968
3668.059
4635.7495
277495.66
3505.55
5086.1064
6797.25
187573.94
6949.43
5387.1934
3047.9568
3865.2546
5717.01
4119.5894
7501.4756
4838.192
2447.513
4836.86
3756.2742
10676.006
4674.987
2713.4001
5753.5693
4136.8115
5618.6655
3438.3635
4403.725
8517.25
4094.12
5603.35
2253.1418
4514.375
1094116.0
15631.812
8291.383
3973.816
10911.451
26762.115
1171441.4
6227.7656
5192.2676
7429.8574
165942.27
9121.891
6025.481
7171.313
13162.661
10447.514
11398.596
6945.6465
5763.6724
2899.1426
9457.088
3222.1892
4203.5747
3885.8916
5017.389
3894.7458
6088.687
6291.053
5793.118
5678.349
2174.522
3558.1702
2501601.5
6194.0674
4028.8464
7477.281
5722.2607
16945.215
77789.26
12194.148
4873.247
3591.2112
6588.316
4174.4844
5231.588
193455.12
5355.792
8106.151
2553583.0
1434388.9
8139.618
7374.3066
38311.703
10914.576
8146.3843
5435.797
6075.1484
11653.157
7764.979
2962.8535
2328.9827
4746.175
3337.9211
11686.436
2501.787
3826.7031
6271.7705
4414.693
5299.2407
3815.6655
5089.045
6707.7705
3881.8188
16620.404
3885.4683
5345.1836
4582.0303
3542.1682
7851.7783
4662.8706
2697.24
19970.113
8149.083
2355.8252
5179.0225
6336.6904
5728.42
4086.5764
5335.7617
3237.8408
5899.875
4783.3438
7252.792
5005.502
6300.4434
6781.636
4568.3247
2296558.0
2629.048
10127.729
4076.1592
6453.5815
2514.6946
28622.549
14299.684
6784.3833
3548.2954
3892.3577
2696.0027
4491.2695
4187091.0
4871.5723
6803.513
7158.566
429324.38
43722.457
3940.1218
3116.7246
3863.105
1291668.1
1043619.06
2446.3237
2615.1719
5332.7695
4637.9805
5266.659
7647.4297
32353.383
6452.4614
6187.0454
6295.7217
16426.814
121576.77
267239.1
6741.439
1775571.8
6042.517
5162.6157
5311.141
4325.1724
5276.8667
2558202.0
6534.466
3182.7126
6386.551
4646.411
7499.099
5630.6855
6961.1787
5779.285
5757.593
6382.303
6550.18
5712.4893
7414.9395
9032.653
8011.072
2252.3308
18185.668
9553.098
8405.1875
7596.3384
259091.75
2781929.2
5602.0703
5998.2183
5667.104
5294.731
3262.1848
4502.332
4457.6055
4531.1787
4464.925
3425.1748
3673.0735
4976.9375
6644.582
8413.324
191272.77
3721.877
7335.74
12665.177
481878.16
5672.3164
8327.228
6548.7983
5296.649
7071.4463
4567.615
6497.17
5072.859
4369.738
4973.6235
6584.877
6008.328
3641.4807
4535.696
6407.5596
10195.306
8436.959
6341.2275
4704.9136
5462.512
4755.6025
4765.906
13604.112
12115.933
3787.8232
7347.406
205845.48
4242.8896
120328.33
5644.153
290555.44
4403.0664
5388.2383
4878.7437
7239.358
5347.834
3922.7415
35176.37
6417.112
4064.4878
4173.748
7997.684
5535.426
20874.545
5793.882
9646.493
5430.5625
3682.0044
9584.013
7448.489
5508.3604
9311.937
5725.924
4231.224
6622.2495
4806.1284
15015.958
14061.112
2391.0027
4911.926
4784.907
5181.4067
4431.453
8120.087
153372.55
2004.0344
5829.7046
6689.6646
10494.806
5002.002
3075.8672
4175.513
2067.6519
8537.484
7584.0303
5182.006
483229.56
7461.065
4902.638
6031.118
5851.5293
6456.2417
6957.287
9049.221
6465.3364
5615.591
43325.5
2382.9128
4027.583
556202.0
2423.9905
2345601.0
5501.9697
12540.942
6945.6816
7145.59
8542.78
221042.1
7685.0786
17935.812
10842.871
5352.3984
6447.662
2763.5532
4069.796
6229.227
4206.6753
4737.612
3648.3433
8256.822
5085.7153
4451.8296
7775.2744
3803.4976
2527.0522
4912.445
7459.165
4351.4175
45569.742
2553.9434
6851.0254
4985.9414
5488.1465
7247.7563
5243.4683
3548.518
6645.763
2177.6453
4857.619
3853.5938
143556.95
6589.5576
55221.402
821802.6
162087.0
4759.998
5254.726
8485.515
8555.379
14737.11
4880.579
6139.194
4913.3574
6124.5664
5307.598
5074.233
6221.0166
847983.6
5754.135
6195.871
4667.79
9434.712
2277.6074
5334.621
5987.4136
4627980.5
4407.979
120119.48
10322.472
7718.2246
6048.9873
6202.791
7176.681
2158141.8
5364.6797
8866.523
3780.5544
609112.94
7711.8145
4977.499
5254.3696
4712.005
10388.884
4890.59
7172.7554
7191.5576
2193.4072
6880.3647
7045.0894
156819.55
6626.9097
7080.928
4405.24
202079.12
5381.383
3120.421
2120.1003
262468.06
2287.191
4479.943
5182.593
2310.9077
4844.376
8130.4126
2468.634
6378.048
5571.2373
4820.5244
7655.367
4260.2505
3978.3113
2891.0007
10007.963
6593.788
10093.941
5930.796
9332.048
161324.58
8814.107
6679.0273
3382.4966
3540.0662
5552.9644
3096.402
3427.844
3923.8398
4701.7207
17168.014
7740.4336
5857.975
9214.15
8087.074
11940.612
2717.8743
29758.336
37592.535
4617.0977
819493.4
14331.66
7334.2227
3576.6792
2748.0308
11045.762
4531.678
3938.7363
5261.5947
5416.192
13917.455
8634.205
6407.0825
4213.058
8556.533
6596.6235
4343.3574
6406.052
192563.38
4737.9634
4100.5513
7711.7686
2770.8262
368356.78
9111.13
9377.268
178737.0
17935.8
6550.8184
133036.45
7752.132
3219.8855
4766.6733
6128.6055
5411.658
3227.567
5847.609
6404.935
2700.9617
5145.357
5075.3047
5026.033
2417.4385
8553.94
4093.7915
6827.502
9024.261
4092.1497
4538.527
2141.1997
6502.559
9941.929
9510.958
2503.5166
4509.449
4398.745
4171.442
5151.405
3845.3027
4866.5986
4737.541
4572.0093
5992.6445
3576.9058
13472.808
8781.446
8442.535
37140.15
2334.4546
4799.2075
7937.302
4624.417
7175.803
11038.389
4713.0967
5203.8574
3879.377
3103.8723
3971.1416
3836.017
4516.054
7163.7383
8823.434
4768.0127
4690.4473
4538.08
4084.922
4436.876
6991.3984
4827.2417
315371.16
5202.874
6964.633
5464.7236
4493.402
9213.403
6571.0015
13510.472
5841.4263
4600.5723
4912.606
5279.7065
3707.9426
13778.989
4554.7163
14526.805
6206.6543
17977.06
12012.841
20296.705
813885.1
9494.673
4180.0425
81641.37
8210.119
5950.567
10210.315
5208.8486
29284.033
113015.79
57604.832
8920.002
8164.004
19465.111
172334.86
5940.8145
4648.9385
5719.8047
4481.906
20583.45
8030.8247
3975.4976
6637.134
6288.5596
4491.0503
10833.044
7403.5186
6546.964
5023.911
4199.305
5083.228
4207.6704
3916.3538
4877.6987
2217.841
9973.5625
26068.994
6522.9893
2028562.9
3687.8381
5718.5615
313733.16
7689.8394
4588.093
7420.5986
4031.9487
51744.82
3767.129
4551.6465
46528.47
3337.1594
7259.639
28126.043
4209.645
5766.5244
5861.495
2515.0369
3911.654
4513.4316
5843.0693
3173.4363
6275.078
124278.05
7525.3843
4357.469
6770.3057
55111.168
2942.0483
5202.325
237680.77
5075.952
2922.9949
3022.5056
4131.3413
4679.8354
4458.61
4761.531
5530.5537
5517.873
4471.3574
3795.5708
15390.473
2848.8757
5420.7456
2665.4482
3973.8362
10649.842
4750.0225
4088.97
3022737.8
2662.0696
4733.9565
6935.712
8727.813
15276.2295
5856.045
3078.208
2500.0159
5565.046
2507.935
3822.9497
8632.132
6236.538
5954.6855
8440.589
5993.1816
5376.3677
5672.8716
2827.9507
4755.895
67373.81
15911.008
5621.3525
4860.6943
5658.388
2978.07
122087.695
4531.6626
5839.061
8503.987
9519.351
3735.4448
4965.3193
18415.857
4660.7075
6629.56
4063.017
5333.8496
8093.465
6251.001
3888.896
11820.4795
4238.8755
5527.832
8466.488
7381.1743
7013.2373
9456.4795
5334.7393
10270.641
5887.983
8296.141
4082.1187
5052.077
244619.81
4764.0513
12009.532
13605.083
7468.2305
7216.6104
6414.2393
8101.0933
6628.922
3563.6033
7906.6855
56261.92
41648.18
4548.9595
3430.9575
3185.3804
6458.402
8564.136
6559.4785
6694.372
5800.694
6007.8525
10499.953
2825.7632
5903.015
113936.5
2422.0063
4773.9287
41902.3
4439.313
5230.1685
7782.7485
6946.158
7012.683
37416.09
5468.325
4397.465
5858.546
349466.0
5546.86
7440.1484
5683.03
3305.3823
4266.055
4864.071
7644.933
500619.22
4213.588
6154.682
3855.3047
2988.332
8393.773
10474.11
6183.3696
18519.027
5594.467
14890.863
4861.055
10759.831
76729.21
5094.55
294409.03
3653.1697
10494.544
4975.4893
5712.042
10329.451
4421.677
2362.5095
85759.89
2261.4314
5354.233
14429.163
8565.678
4528.6494
8943.107
6744.148
2643.5403
3061.8948
6233.8687
9439.151
23731.791
5077.3047
19583.36
5613.779
5690.638
3088.5967
15939.645
5854.7544
10828.658
4395.073
7595.4946
5777.745
6074.66
4895.16
6070.321
10549.187
5221.915
18699.668
193799.5
4206.17
2785928.2
5226.356
4189.0156
11361.807
3158.9116
5675.4707
125810.266
4796855.5
4448.156
4768.4766
5043.05
4681.9365
5778.1304
2177.7432
6974.603
3945.6765
34693.23
4264.1606
7303.9023
13685.086
2585.2192
4548.9277
5807.2803
2264.418
3389.3557
4173.147
2922.0618
11157.892
154331.23
9767.383
309277.34
6674.247
4443.7065
1926892.9
2032139.0
121598.02
4680.009
5756.3057
4241.5845
5504.078
4365.038
6364.368
3515.21
34551.863
5984.4844
9528.738
11657.011
5606.0674
6866.906
5206.82
2319.261
2558733.2
21791.832
7310.0293
3773.052
4469137.0
2034.3108
8652.948
2181914.2
5748.221
2487.488
5278.0537
6585.069
8491.984
6798.807
3315.7422
4445.8833
12467.182
10354.297
6678.574
4478.593
681685.5
3954.0063
9344.545
65230.17
9078.383
7317.3135
237948.4
4447.535
3775.9607
2715.8984
32687.473
7124.8374
452901.53
4337.2134
4368.0576
17208.709
4239.645
5469.9653
5101.717
6727.0474
264186.06
69867.09
3191.2288
3567.3728
6906.9927
6027.876
2827.0557
1112377.6
3679.791
5364.875
4102.2617
6267.6304
3448.9153
3758.2368
6953.8623
5624.5264
7431.05
204626.11
7803.5786
7322.2773
5378.9834
5437.9766
4051.3599
41214.45
5779.737
5084.426
12196.089
8485.389
9854.382
412466.25
5385.3657
2618535.8
3856.0054
4999.9985
3223.8494
2762.1606
3781.506
4612.777
2478.891
7623.221
8073.6104
5237.734
161122.69
6864.2983
7817.673
5453.66
3988.2292
5639.9385
3209.6887
18716.488
9319.269
37911.594
2603.642
5448.5396
4648.063
7888.827
4087.4219
8918.184
30548.273
4183575.2
7607.87
85324.305
5876.4053
6499.404
4219.715
4822.5137
4292.177
2035.6337
5686.6704
16192.149
7833.3896
5506.618
4013.6855
4246.939
8084.9746
4395.967
416492.34
3875.2124
4216.0146
7148.1777
5928.5
5946.8647
175717.92
4489.5615
8182.299
3890.4648
10858.516
6221.662
3488.4858
6393.407
5372.3315
8565.947
6692.239
5109.2026
3867.7527
5349.599
4643.923
9849.097
3823.189
5554.4106
25758.768
5363.6753
187214.1
5268.223
6348.379
6099.2563
2259.6084
6899.9907
9487.869
3695.673
7513.6074
4342.228
5156.45
5908.459
6636.139
5997.105
4814.356
4939.479
5747.085
5174.238
4785.6387
7826.817
4254.3115
4664.117
3641.2102
4743.56
6968.4307
5338.2866
8990.527
2812.1738
5509.208
6283.127
4204.207
6833.5464
2852.6543
7084.8496
8268.963
18012.37
5390.1885
6377.4824
4244.4995
3728.3423
5418.643
11843.561
4375.792
5928.487
4180.7236
8019.977
4091.4697
2084.095
4443.603
7357.818
12433.92
4377.5225
4324.0615
3245.014
7378.252
5407.753
1511736.5
5203.194
9370.55
7298.478
4790.172
7411.5215
8799.477
5939.215
5881.504
4753.237
8568.85
8966.601
6136.5396
5448.4287
7400.459
2505.5269
6183.209
4900.5747
7661.712
4659.108
8696.622
8077.6772
508264.53
8660.75
2497.917
2455.005
7681.2544
8996.852
4044.233
5421.174
4491.509
4680.9404
4449.6406
5234.3003
20043.516
6883.255
10333.932
6258.9946
6024.95
6384.463
4605.062
37768.438
4363.8623
2385.6458
4639.7944
7852.2725
6312.4233
1093305.6
5987.832
4367.88
6424.912
7059.6797
5614.9287
3962.6099
7666.3535
4952.1924
3949.0732
4479.295
2505.5247
11516.29
3063.9998
2379.1816
5397.9434
5809.0825
579074.3
8344.441
4669.176
3352.261
4007462.2
4336.0986
6579.6094
7454.508
3910.8965
6860.3154
6907.2676
3187.929
23480.357
5099.94
558357.9
4928.5034
7152.842
4789.8184
6716.748
26668.162
7718.927
5049.6836
7104.491
3938.0955
3988.4844
8929.719
6530.105
4637.8027
8967.824
8419.95
4672.586
14613.238
5486.4604
2729.4707
4934.101
71477.98
5889.5103
5344.948
4280.0815
22460.64
3553.45
7289.49
4636.1387
3597.8545
6026.4453
31955.467
15182.414
287274.72
6129.8027
6927.4062
6264.207
6282.6006
7760.8506
3290.4507
3734.6743
4248.292
7319.1904
4651.3936
4369.335
6206.7573
2762.7117
7444.2246
2440.7168
4518.229
6516.7725
7609.105
11774.293
5572.673
7722.784
11079.557
7108.9453
206030.88
3368.1306
5992.957
4158.4976
4495.8955
9439.461
5833.3296
425370.0
6962.928
5920.9346
4817.779
4963.443
5382.9805
3812.2834
7161.4775
4925.889
3629.093
4868.626
6881.3423
106809.36
3834.4255
8053.5903
5711.586
6229.682
3933.6902
6065.507
5461.136
5877.643
328804.94
7197.544
4764.56
8469.118
4205.633
3907.1377
4140.782
3610.1794
23335.742
198701.3
3153.8828
5172.565
13062.383
4396.825
3750.038
6395.5938
3989.5889
6928.4424
2552.104
3214.9521
4600.311
6733.661
5853.497
4685.062
9637.658
4528.951
4162.42
7028.3657
11580.485
6093.923
6136.704
5391.339
4298.702
6580.985
6077.297
6906.2686
5184.5234
3686.792
3004.4287
1985474.4
5082.5156
4589.059
7693.715
5062.313
4087.5654
454797.34
3512.4495
5465.78
3797.5886
7356.707
307933.53
7481.3325
7513.204
2511.789
6395.9824
3218.8257
74410.43
10043.482
5459.523
6647.7305
11227.444
6082.9946
7984.2637
4192.3667
843427.25
565151.2
6078.4053
4589.6147
5656.9126
9768.571
4594.4795
8026.456
5238.389
5577.243
6063.2437
4233.699
3564.2642
5034.1177
5009.212
5414.166
432809.75
4429.537
7850.392
8769.309
4893244.5
169524.48
3551.564
7687.5723
7520.0967
9635.808
5825.599
3845.3464
4758.46
5222.6255
32253.906
3030.8647
1966014.2
4006.9785
5715.01
4948.132
6266.315
3691.4033
292640.38
4254.8457
6658.2183
1351485.4
3983.1345
6631.1685
5675.18
109832.85
676377.2
10271.21
8804.884
2464419.5
5073.0435
7933.9097
5026.6333
3695.4597
9494.605
5004.583
2649.35
7387.463
4094.2307
4262.684
3914.5898
5223.2236
22578.17
4843.5737
3885.113
5615.6504
5021.7974
6228.617
4189.527
11001.563
4076.7449
4489.5967
4743.041
5597.545
6086.558
5025.675
7625.8813
2757.0557
5243.531
3729.546
5598.105
5911.826
6817.739
2263.1575
14653.746
7356.029
6503.432
4673.89
5751.949
5941.2344
37828.637
4437.668
6461.608
2329.3835
2583.0696
3229.4749
5545.4346
7771.8643
5751.684
7112.589
5016.3945
1293933.2
5333.2183
6642.3667
5020.124
4484.5366
5124.58
3911.4072
7368.3286
7508.677
28782.346
6191.0527
21828.549
7827.7476
5339.5874
58355.9
5065.4634
5619.356
7953.2305
5036.942
10661.827
7232.253
7463.0854
5812.506
4871.3813
5435.9277
5752.412
4574.7285
4666.2993
6683.864
6030.8643
6910.778
5851.747
6267.755
1891187.4
3981861.5
2364.9043
2324.028
3454.2444
8182.3047
4307.229
9249.288
5574.0293
5727.6196
7910.977
4130.4463
12350.203
777668.9
4380.206
4182.5176
5618.6816
4420.659
10028.846
4348.4844
4949.023
5641.672
4167.683
4358.118
7773.365
170565.27
13710.815
4200.9697
8632.846
2404.229
48330.414
4443.085
2552.4478
5110.2935
4621.3237
8608.782
7570.4946
10074.344
18375.926
5080.7876
15504.923
6127.0933
6163.729
9321.772
307963.5
5981.313
4408.3496
7128.298
5825.736
299381.72
5021.421
23255.92
859779.3
5484.708
8773.08
4579.838
114857.414
6882.33
11100.334
6808.416
13236.558
9898.912
3856.1091
5633.5024
