7443.885
7189.325
4612.6016
9367.627
4743.769
3850.7246
5037.385
5645.754
6527.704
2742.561
4867.8115
8901.635
42717.76
4775.444
6026.2114
12490.178
6245.2417
9256.989
3319.77
2704.7346
5306.7085
4077.098
5626.038
9097.354
7487.705
4469.5933
3758.485
6394.4556
6070.921
5371.6816
3867.2415
9046.695
2817.5881
2642.5298
5857.4927
4596.8447
6482.3677
5089.176
6958.3184
3575.1787
12801.128
5745.041
7788.734
2587.0842
5132.075
5616.3096
88605.23
6698.7227
3186.6072
12313.328
8895.594
5515.719
6229.992
2739.782
5114.4062
9675.655
4725.6045
3642.951
5343.2275
14434.019
18833.143
2980.548
30040.895
4727.7256
7794.9395
4494.529
6030.3438
1063847.0
6423.32
4484.387
3388.8535
6740.007
4051.6765
94970.68
4384.0312
5525.7666
5677.783
10235.793
5210.9893
3789.3289
4039.9214
5108.3
4489.4746
4461.593
58703.035
7666.626
4002.4316
5517.996
2676.6216
2487.385
8711.781
5971.4053
4298.301
8723.673
4854.06
5989.0728
4173.5903
4692.3706
58511.85
8735.0625
6660.9893
4595.6772
4634.5103
5048.7964
10042.001
149142.1
3535.043
4936.2646
7746.4067
11690.536
9279.25
7463.607
2672.671
3335.8325
4704.753
6248.7056
5328.6143
3854.7078
2578.5933
5132.514
2979.9175
2445.7363
3749.1738
6720.5854
6026.434
5937.2046
4836.6245
15669.156
5150.4844
4961.7163
4063.1365
4353.9263
6641.775
7456.2173
8786.573
7038.71
17701.82
6305.5767
4479.798
4315.313
9013.259
6098.1904
3337.2312
4056.1216
3957.5684
4553.6064
10606.726
5916.584
3865.3872
6310.7495
18073.947
10859.824
2764.3545
7296.5576
7137.061
3893.4053
8751.551
5923.986
6526.7334
11149.885
8779.492
4006.0933
5780.7515
3579.209
6879.7305
4497.351
3780.017
3448.2793
5901.6777
4722.716
3901.8672
4391.9424
627897.2
5476.757
4133.329
5968.5015
2807.4136
4028.868
5043.991
5984.194
4379.902
4347.194
5948.073
86978.09
5504.026
9219.033
5278.7974
3205.9465
3588.6316
31412.34
6305.7285
4357.0806
2223.8662
2772.9243
2371.1238
6434.9473
7237.283
10806.448
6064.9453
4084.0703
3588.0076
6290.8247
4949.3374
3749.2327
6076.178
7561.481
357462.4
7464.446
3898.601
6767.365
258586.05
4173.7686
6744.1284
135550.2
4900.0376
3531.8174
5074.031
9921.171
4536.8516
7299.6753
4716.808
5756.662
13288.273
5628.964
3344.784
8225.794
6556.839
4055.324
6268.912
4658.225
6204.252
14360.191
6318.774
1656284.4
5670.757
21959.264
6125.13
13147.396
5657.368
6370.3193
3886.7944
4165.094
2647.5068
16117.057
4927.532
5580.9575
4333.462
1988679.6
6366.2573
9080.574
5914.2446
4435.984
11342.295
5337.952
6850.5327
8166.212
4889.996
6301.246
5038.9004
4533.3325
3987.0776
10681.137
10259.452
7370.126
5950.352
7783.799
1460949.1
109515.92
40870.81
6163.363
4735.13
5651.6143
18354.299
2891.5078
15469.968
7414.359
5209.4976
8448.293
4728.034
4588.25
6478.699
4237.718
10062.34
2490.0815
105671.45
5223.5576
6495.0986
8189.108
5806.109
4820.558
194658.98
181918.8
6789.659
4978.373
4497.072
6068.075
6907.4185
9711.1045
5838.4004
12559.043
6321.116
6199.3027
5414.96
4047.9685
6255322.0
3411.935
12044.236
4375.5186
7863.993
2601.044
4188.9595
193020.36
6823.4634
4228.963
7478.9487
3867.0696
4824.7246
229576.36
8688.655
8084.8726
2896.9456
4432.1304
2717.4585
3006.2922
2298.7944
2805.9963
4988.0312
7883.691
4643.5513
4660.814
4285.3022
4946.7686
8205.653
4871.8584
4605.952
5168.4746
11147.556
3826.5483
7086.706
6561.196
3899949.8
2398.543
2807.8774
9338.86
6126.24
5760.1934
5649.573
5219.491
11887.341
4238.832
7177.978
3677.8662
6410.861
1125223.9
8854.29
4447.3594
5148.4805
3918.4224
5930.7964
4126.0503
5720.7944
5188.926
6051.3984
6125.5684
6770.5234
33642.844
2270.21
6942.691
6568.777
2727.5093
5512.0327
5440.302
6593.4487
4861.2754
16505.053
3379.3667
1929184.5
6284.1987
7636.189
4637.4443
5848.326
6897.7227
6302.2695
4083.4834
5934.823
3642.283
5219.59
33487.35
3131.8965
115037.12
5015.5166
5313.3486
5742.669
4319.3003
2478.4548
3564.8403
10723.385
3870.792
6738.6846
8803.852
2640.7551
12125.47
2936.0825
11511.017
5243.0054
9518.185
7728.414
115901.58
3252.3545
6973.8394
8243.8125
3985.7856
9615.0205
3910.9368
4991.9233
5242.1504
4772.1567
5104.257
6288.829
11827.387
5240.142
3651.3599
81667.234
2652.316
3032.809
4203.023
4910.6743
216051.38
4145.031
6244.585
4209.7373
11180.529
15198.324
3214.5105
30705.205
199131.05
5259.65
116255.195
3728.8743
3966.7898
4116.1953
6536.578
5209.542
6762.7744
10113.988
19651.55
4678.0366
32370.912
4414.285
145875.72
6264.824
2376.2603
6479.5835
5099.97
4441.3237
7090.839
4147.396
4899905.0
3899.1177
5977.5903
13127.0205
2507.3462
4291.707
2950.8237
6636.9316
4133.2705
6044.3926
5632.003
8667.408
6248.941
8502.273
4493.1484
2572.4
7959.266
2732.8782
7744.5825
5393.7554
2673.831
2897.6821
5412.9
4467.449
4878.76
4008.2612
5065.1665
4892.956
10436.628
8697.155
5323.6895
10719.692
4238.716
21190.092
4646.0464
433318.38
2347.2476
6616.961
4341.1997
4766.6216
2043.8796
9912.124
3838.6938
5695.4053
6424.7524
2669.354
6907.962
4349.894
10321.772
8202.184
6441.5645
5550.458
6319.9185
5707.8726
3803.9355
8810.707
4777.966
4548.1064
5051.295
6092.3076
4603.6562
5264.449
6352.0405
8508.879
6775.41
12484.992
10634.527
9652.811
5462.407
8621.2295
2316.8677
5553.6606
5764.1143
4464.922
1923352.4
4830.6343
67540.68
63258.164
4632.7593
4431.795
7502.8203
4621.3257
9651.446
4982.995
10127.28
5519.1846
4428.7065
7374.7827
389346.62
8851.552
2612.2983
5598.874
6655.791
10960.791
5934.722
3556.9072
5328.3174
6562.538
7600.7266
12758.464
4029.0327
4266.2764
394796.94
4404.2456
5472.2104
4015.0645
38360.67
4841.321
5006.1787
8613.801
2341.19
3996.8647
323168.1
18603.832
5367.7847
5533.383
105031.18
5350.995
4127.073
6050.0464
6125.5396
53945.812
2052800.6
8345.918
8323.074
5215.151
4413.426
5533.0244
5737420.5
3477.7605
4006.9368
5719.159
2813.7856
4025.2852
6780.032
5004.0024
7458.5728
4776757.0
5179.1753
6591.112
4749.5044
5984.525
8756.753
5519.56
5732.627
2591.5237
3039.6665
453925.22
315850.3
5822.6245
8941.232
4255.0
173913.08
5936.409
4168.1665
3160.4395
4744.6855
4595.6914
7432.248
4021.7412
21652.955
131412.61
5836.2227
2338.083
5969.3945
5333.491
4088.2827
6694.3164
4769.8364
2773.2234
9282.262
8307.642
3734.3547
4829.709
3471.2212
6555.6387
3789.4927
2566.323
3762.0806
6003.2817
4187.9336
5476.5107
4575.4277
6510.0117
12373.948
697660.25
9088.613
3644.9834
5163.0503
4005.4382
7115.816
8202.884
5126.6465
5556.428
2644.0815
8581.598
7063.1494
7538.9756
4048056.2
4370.464
4398.8794
9033.684
894690.8
5112.5464
4197.243
4495.3623
3322.7222
4624.351
7259.6084
10008.803
3912127.0
10851.115
163687.89
5181.6113
5321.7476
2745.985
4108.0635
47514.844
4689.3896
5103.053
5460.5425
5982.139
3950.4614
6880.358
9460.007
6069.0806
17981.27
25431.79
7839.2354
5183.1025
2483.3025
1606736.6
4366.0215
4375.602
4119.856
6494.297
6321.8623
9301.574
4753.0483
6159.6045
2393.4329
7049.75
6955.5703
8618.508
3804.6301
4580640.5
2991.1206
6020.5156
3929.6548
4995.538
25370.053
5444.958
7505.3535
4985.5645
6131.6187
5888.2427
208837.38
4192.3433
5672.245
4423.2354
80541.66
6893.7847
3960.0745
5937.888
3541.8042
3880.6362
158654.05
4327.29
3474.248
6088.4385
2671.357
48847.133
4513.2827
3104.1768
5957.7734
2964.72
44522.445
6929.0415
2797421.0
8909.035
5257.3687
7795.217
1728699.2
22494.285
5439.648
7113.2734
6064.0786
9259.855
176811.39
4309.0674
4850.521
9934.08
5178.6914
108856.555
6906.6494
5020.992
6284.3745
8567.18
6637.682
9464.512
5344.7734
6655.5205
6992.554
3643.937
6291.4443
4601.3027
4744.659
4975.0195
4401.1514
18570.91
4469.631
35575.055
4795.702
6477.837
5509.6865
3366.6787
4923.04
4484.2744
2370.674
463280.25
9240.021
9060.483
12315.607
7794.173
7065.8
775772.9
3889.8691
4444.7183
4510.296
5196.9805
2918.8096
4356.552
14304.015
5928.4976
13648.937
6174.502
5248.3726
5504.834
6757.6196
3284.508
4806.833
7066.8467
5724.677
5499.8735
4522.118
5412.2446
169647.02
7691464.5
5516.728
7117.5347
8929.768
4863.471
3993.2034
6626.4766
11337.821
5150.7373
5286.1035
12641.607
5638.8413
3720.8374
5025.5522
6222.825
4057.5571
3778.0361
3987.7349
5780.3403
4224.725
35080.094
6009.54
6866.2676
5938.0493
2866.185
4433.438
13400.702
4365.638
7058.4697
10447.607
4623.124
4940.481
9031.729
4080.2832
2990.847
4143.0312
50765.18
67676.11
30575.082
10824.358
6644.2583
13764.148
3073.7812
6204.4785
6486.301
1814040.4
5520.327
1783216.2
19054.855
2708.0603
5202.5825
6939.7563
1743592.0
3442.337
6067.561
6946.323
5797.8047
5970.0215
5846.0845
4805.786
5776.7974
11581.405
3652.1455
3758.1807
4580.8633
6646.7114
29316.58
4443.578
2407.0317
8353.243
3708.4033
7067.5195
23027.65
7565.0503
6193.582
4283.291
5779.031
140689.4
5447.0
6274.6333
7227.043
5808.752
7693.635
7848.3857
3783.1123
4363.1587
3441.4175
3054.9673
8939.477
3203.9573
6789.577
4239.6797
3556.3196
7310.7656
3818.9153
6730.2305
2768.1199
45793.746
7177.9443
22244.545
4806.601
109381.945
22888.83
179353.83
4730.5723
4887.6143
8463.034
5206.4272
5520.012
5292.136
3697.2974
5711.213
5788.9697
3960.3833
11062.018
96003.54
4946.489
4064.502
4418.2417
4192.324
4145.815
5058.7764
6104.917
4211.79
7253.0503
15073.548
5090.094
1160268.5
3784.1345
22248.053
3353.7966
7502.5454
11925.041
8199.615
6446.444
4159.665
10147.869
35801.92
3748.6924
8314.81
7845.532
19320.033
2411.056
328515.22
6464.831
470519.0
144508.62
4192.147
6031.4336
9675.722
108101.17
8394.308
13402.768
17249.293
7733.741
6017.7544
4849.4814
6609.3984
5046.341
3309253.0
5332.3774
6321.964
4694.387
6023.751
2617.0857
4796.5537
2461.4404
3685.9902
4385.2666
50962.87
10333.745
16408.434
4338.175
6014.87
221169.98
10819.562
8055.921
7117.402
4620.281
5395.671
4451.317
2116.6719
9477.495
23582.104
2363.7495
4273.8477
54434.43
5602.4014
5366.9116
4243.665
6011.289
5652.5703
5163.547
6314.502
4182.09
9397.428
4256.676
57801.598
4197.701
6151.1367
6207.522
4778.304
5106.9946
10647.419
27154.643
4434.579
5959.3423
2535.4841
3697439.5
6043.3213
4403.2485
645777.3
5468.4907
6774.7676
8176.632
212317.17
4493.0464
6263.487
4487.641
5726.9937
6599.7295
3722.6763
7279.926
3925.1838
4963.4795
2717.6155
7707.547
4635.003
4597.3228
6806.096
5406.491
4196.5044
4157.212
12897.09
5952.475
4890.1514
13562.366
4401.781
7872.2617
4218.9624
5050.338
6739.994
4144.516
12004.7295
6901.678
3092.1667
6078.5376
7993.3604
5112.7266
5277.3564
5322.7812
4135.466
3802.8296
4158.373
6400.669
6812.171
2274.91
6580.9287
5216.3223
5249.5425
6718.4834
4816.7603
4340.182
12473.896
6768.896
3698.3184
5907.5
5083.355
6208.7666
4698.0493
7579.531
3598.7717
4964.4824
4479.1655
513883.3
4679.2754
6780.5312
5951.3203
9660.102
2681136.2
3505.7058
4182.679
7476.862
5695.111
7275.801
7809.05
4573.707
7927.83
4280.9253
44524.06
4464.6465
20409.123
5411.9844
4320.0947
6658.841
3481.8289
6714.8213
22229.559
6237.043
18905.443
3355.12
4062.6497
5666.768
4219.562
2768.157
5147.122
5278.3213
5670.623
5211.149
5097.2246
8814.324
2068428.9
3995.982
6267.808
8943.566
5659.537
4068.2185
6903.295
4358.2773
3275.6064
4638.9424
5780.3403
4803.0967
27156.754
4608.368
3272.9097
13300.737
17292.486
5921.3853
6103.2007
7219.7344
4842.6206
4931.415
52711.453
3245.5132
22744.412
142574.38
1940.517
5109.1
6666.3237
9184.209
6509.168
4928.8774
5681.0522
10016.419
5837.3354
3021.8076
2406.99
2030.9834
5578.8813
5772.538
5199.2896
6121.062
62581.38
3196.257
5471.62
27601.334
7448.304
8442.468
5601.777
12049.675
5091.7173
4972.1
5175.5063
5011.244
5637.51
4616.7324
4305.5166
4667.091
869070.3
4761.096
11850.248
107563.7
4231.459
4813.9253
3406.3467
7472.0586
4826.7173
5708.504
3484.543
7437.711
278934.72
45468.848
3276.8936
332536.84
280605.62
6470.407
4097.8506
4326.3403
2427.4905
2618.8062
11256.798
3978.5093
11508.973
4423.0537
3499.9504
4102.506
7453.839
7333.4805
7583.603
5954.087
7275.4326
44706.81
3693.927
5832.227
7430.1577
827272.44
3666.451
2802013.0
10524.146
7245.3677
7343.1963
52839.625
8133.7017
2349.0256
4340.0293
6152.475
4402.796
2569.0403
5592.374
253744.4
85083.86
4572.2256
5540.664
4491.4907
4778.254
6946.041
5230.9434
2305.7612
6819.4546
5999.2783
4246.533
4948.32
7162.4785
22240.701
99347.914
4747.4854
5303.628
4083.1768
6850.233
5694.653
6476.61
7134.517
7708.8677
13267.312
7556.5845
8514.993
2747.315
6819.7324
2124405.2
5198.927
129032.81
3779.413
5078.6675
6715.246
2269.533
6613.454
6217.5215
4891.0654
2757.8765
6206.949
546047.3
6370.702
5970.1514
5003.0806
4962.515
5602.4087
2725.8193
9171.232
4414.7754
4940.2363
2555.289
178433.14
5510.824
6870.8735
2033348.0
4746.6763
7068.723
5134.449
6537.739
4856.8486
5253.2188
3103.4517
6917.335
6848.736
7079.461
6409.689
227493.47
6754.779
5236.671
6388.909
7856.3057
1094345.6
4374.129
6439.7134
3971.8992
3584.3257
3769.287
5287.912
6206.529
10389.357
6115.955
4821.7095
2455.9717
8267.464
4540.8354
4554.6177
7498.9126
13133.758
5437.079
3832.788
5905.0645
4291.261
6544.0103
2978.8242
3523.2253
5768.1475
6395.3765
7767.623
86849.28
7602.856
5885.807
2791.1165
7193.526
57321.785
5536.9453
2838.5322
2458.0535
5357.0024
3628.0535
6474.242
2352.2893
7361.1636
5201.4707
4756.3657
5804.3984
6855.1855
2313.2344
33418.523
5252.5093
4565.8696
5845.6978
5507.7183
5288.9697
5111.831
6225.349
13826.991
8847.287
4994.709
5362.8647
4402.1006
3758.8474
6180.635
5577.301
6478.7427
4429.2725
1685457.1
6210.8584
14581.524
4956.3447
3844.4304
8509.579
4471.272
5461.781
6224.3247
16016.319
8984.675
2836.6504
3805.5369
9201.059
7000.1045
10069.885
2971.7202
4460.246
6630.093
6446.271
4548.3633
4099.9893
5753.3735
6817.297
5759.2896
15583.29
4287.93
2560.586
5187.3184
12471.341
5796.373
7694.423
4181.722
3751.539
14049.252
10388.846
18054.88
4573.298
8080.6353
4993.513
4131.581
341671.2
4832.1997
64602.04
17636.594
11692.961
6697.79
24470.281
4714323.0
393947.5
19297.803
6315.5767
6008.8916
2786.935
5389.6685
4243.8003
2227.026
3694.0354
3978696.0
6148.154
8423.713
4131.58
5300.367
6042.6265
4400.3647
2168.6284
5610.8193
5532.3604
3551.8638
3459.327
3146.6792
4857.959
4790.236
5265.332
6310.7134
3557.25
4771.557
6498.967
3904.7092
4007.6997
5430.366
6475.11
6280.941
6077.001
14984.616
5274.888
5959.2744
4142.0776
10979.385
5474.691
7489.9927
188518.31
5392.7646
2683.7217
7361.886
1407339.2
4105.9946
21673.512
5744.5566
7860.8003
4567.7485
6700.83
173315.0
458038.78
4923.3315
6518.548
5874.27
4433.9434
5594.7905
2139.7
5681.0337
128925.17
3620.969
5012.4004
5034.11
9579.618
4372.2017
6580.3525
5089.973
3884.332
884415.94
7842.3096
6593.252
13927.512
2256.0488
4550.0444
5888.8223
523674.5
4076464.2
3498.4814
6959.026
7716.0884
5818.643
5487.96
10943.619
3840.336
3244.9973
2818.3765
8055.8555
7069.332
3765.77
4852.2803
54567.45
4291.8022
3293.7954
5957.813
3929.3796
472003.16
6355.0176
7424.425
3824.8682
4028.5103
9470.812
2806.5808
6326.668
7737.314
6753.137
4266.2466
4515.73
338541.03
5222.5454
4957.248
9133.195
5499.6523
4825.915
4096.7266
10321.018
5384.759
5160.1147
226789.4
5619.626
5969.4653
6130.9517
10301.735
3111.2913
559884.75
4138.266
148764.81
4906.634
5943.96
2056.4836
2956.781
8066.883
5120.009
5000.367
4668.0845
3640.6282
17329.598
5517.2715
7583.183
10026.273
3230.0742
5509.923
62223.79
5281.285
5716.6367
170036.53
5457.4736
5083.7153
3838.3247
5789.769
13378.685
6541.986
5085.03
3036.3823
4661.299
8734.893
3340.753
1251725.8
5906.2363
4746.5635
4011.2363
4942.497
4550.717
5587.8955
3842.4685
4928.472
4881.1895
9958.026
7981.5674
7488.3286
5174.066
18046.502
5530.6045
5522.151
6089.3237
6245.724
9572.241
5502.391
4974.9375
4770.333
24185.23
4852.5703
916846.6
4243.7515
12423.921
4246.601
4898.617
3974.6567
2661.9368
11705.095
4798.4346
2279.521
10464.567
5448.26
5669.598
5822.943
141293.36
5651.865
47328.58
4391.1284
1982073.9
7370.067
7784.6987
494325.84
6970.334
3189.0632
4459.9644
6394.13
7120.207
8738.336
153362.89
6104.2837
4803.743
2738.3835
7099.3447
11280.229
5762.595
6944.389
3574.5513
5666.1504
6407.7144
4755.462
7220.319
5451.2275
5389.7334
5414.103
3783.0952
6742.166
6050.469
3246551.2
18768.154
2422.8452
10453.243
5933.817
9729.014
275782.62
2450.9785
5016.005
7547.321
11231.462
111838.89
7041.497
2322.6975
16457.482
6602.272
22464.867
9185.306
7397.9106
5617.462
86848.95
4111.2905
4587.052
6071.9556
4321.8105
4786.859
14025.14
3269.037
4585.127
5288.201
10560.662
50314.234
7439.4844
7842.074
5351.477
5851.786
7318.549
6018.646
4289.692
321159.75
4448.0044
5620.602
4280.1406
5065.735
7029.2563
4562.0864
3574.674
2582.3484
6369.9087
3710.7136
3942.6038
4137.1255
7761.8394
4345.3213
4776.813
6508.6465
7151.8047
7384.279
4834.585
7556.3413
293648.38
7163.637
6089.4277
6906.218
5145.7725
22408.209
5760.1914
5566.1606
10441.213
5366.0464
9681.667
5406.005
5617.55
4375.709
4866.128
5250.672
2803.4004
4221.166
7081.2344
6275.2837
7444.2837
6949.292
4707.3687
5861.5723
4228.8696
2431.1443
6479.5664
4426.155
827789.1
3192.1753
4535.1245
7916.526
5685.2183
2459.7993
1310308.2
5143.254
21264.436
3790.8599
2908.0728
33674.547
3533.668
9215.316
7498.97
3118.323
4141.4565
6888.3594
13786.713
5555.204
3292.7793
5560.5034
4418.417
6347.5312
5849.834
3899.57
3928.5513
5066.172
3793.0818
4352.27
339036.72
5303.5146
4720.0605
3269511.0
8144.7817
2724.279
4609.773
5844.219
7193.3525
5188.289
7733.801
3557.519
5835.481
5693.3213
3115.9246
6712.1963
2369.8486
4484.948
6358.4775
6418.6577
5462.1
4868.4297
4594.964
5756.6245
6146.683
5450.638
14840.69
5004.7
3779.876
5501.4575
4048.2502
5876.093
286174.94
5494.905
3457.856
3839.0513
2642.2139
4733.187
5734.363
4742.9478
2723.4429
4504.3184
4336.134
5446.963
5922.438
6762.5537
2236.4124
6220.0464
5369.5737
4115.153
9658.92
5337.4077
6743.1646
11169.719
5510.216
5974.3174
40178.33
4231.5723
16587.178
6512.438
177375.06
4056.662
32209.012
3730.414
15022.818
6991.0435
54158.188
3877.56
5541.122
27027.738
6610.818
23001.465
6009.6245
7931.8154
5958.419
6270.285
7414.8257
7235.343
6585.4683
4006.457
6301.339
356662.97
8077.893
2474.7651
5509.329
3853.8135
2619.4307
3057.5505
5779.6816
6137.5005
3014.6616
3468.8
75459.3
4008.669
854894.2
6241.844
7011.2817
5653.1436
3745.0342
6547.64
10367.408
3848.4326
8808.1455
3513.5103
5029.6616
8309.762
7249.949
4765.078
5253.158
19502.016
3461.0688
4873.169
4113.4927
5964.39
4529.862
2327.2886
4337.123
9303.816
5693.7974
5544.4097
8690.382
7425.6333
4214.2256
6385.7505
5901.7974
2437.1716
11179.412
5952.3335
5108.4004
11100.173
3597.8708
438067.2
2479337.0
83266.36
186969.16
4221.188
2957.838
283307.94
226695.97
11039.489
2403.0864
6444.8037
4700.6006
3855.4868
5373.486
4013.3105
4730.814
222598.7
8432.555
22582.621
2539.5745
5715.39
5236.6333
4610.764
5303.624
3958.393
4222.6987
6896.377
5782.634
3973.6157
6767.285
4421.619
5175.5215
82573.32
4953.0527
5554.799
53802.113
4192.1323
6446.8613
1268925.6
8104.2383
5913.0186
4541.897
8004.082
4551.2236
5593.9824
4750.409
3802.6343
4958.454
2754134.0
4583.955
2331.0857
3736.4595
8847.624
6552.588
8318.123
2360.2192
6923.171
6890.9473
5807.699
3241.4988
2738.117
6230.9893
8429.891
4708.0073
4139.0293
4229.192
6427.2603
737161.75
9536.54
4468.024
9061.968
4843.169
226782.11
3637.8623
2934.3398
4699.5454
5197.087
2903.4038
4436.7925
5585.087
5170.126
4064.197
5772.9854
10695.959
3954.726
5921.8857
6111.061
5428.323
3825.158
5747.292
21466.447
5419.898
6029.503
25204.246
9052.779
6993.5654
9053.197
8271.784
5971.241
7691.474
5144.218
6020.671
7084.5254
2271.2551
5089.079
6998.2905
3949.9814
5379.3203
5898.699
4450.1377
6282.3228
4408.1484
8500.647
6317.717
6662.1274
7907.3403
6219.3857
7697.344
5385.52
5748.6445
5338.079
5124.827
251565.95
5979.2505
5174.593
17418.111
5401.8296
5509.1343
6492.8223
6865.883
94552.07
5936.7256
4554.1826
6281.2285
5405.453
7941.7866
9936.053
5987.167
5614.036
2572.311
5344.329
5416.956
5256.998
5488.975
490519.7
5428.767
9074.907
497821.7
7660.4
5789.6455
4299.103
7521.8906
8376.217
13997.664
4813.8203
2825.2886
7929.3687
4567.7305
4930.257
4508.4956
4558.0107
4931.286
151725.56
9690.727
7555.8115
4233.088
4425.229
4753.7866
424626.25
9160.299
7618.29
5508.329
5134.416
6002.738
5281.074
16609.154
11437.624
6522.6377
7888.7456
7009.4854
5671.6255
4391.8315
5085.741
7497.8574
14520.653
2392.836
7271.5186
4178.2437
4892.266
5446.8086
6756.554
6755.9565
747847.4
7313.045
10693.809
3240742.8
5277.1704
4253.4893
6123.2427
5438.217
7257.4717
4764.829
4740.238
5684.1436
6058.9097
6040.313
4984.894
4848.3555
4549.007
5508.0938
6932.349
5829.655
6188.6367
38410.75
4703.8936
3347.2817
7161.735
9077.682
7671.4834
5361.49
4878.495
5823.839
39865.855
7022.3916
5048.639
6656.9805
4200.0005
3670.1445
10123.955
5132.6104
3105.2803
7263.6665
4909.957
5707.336
9988.209
4881.869
2542.485
3517.8672
15438.566
4794.009
6914.241
4849.27
5119.353
3789.5386
4110.4604
7972.8022
3912.3174
6651.881
6527.0728
5916.6436
2649.621
8872.57
5024.0483
5962.3174
4887.176
6104.412
5052.1357
2433.5942
4897.383
4421.542
2485.4626
3926.203
3302.8586
4973.506
2859.95
6323.5786
2447.9875
4181.71
50691.074
3952.2852
5097.0737
10063.947
13642.58
5815.7607
9231.032
7177.412
9567.382
602545.1
4502.01
3989.8508
2812.7617
5865.8906
2241.7876
5854.256
3030.0435
3775.2266
3351.3003
5075.87
4825.4453
2654.9448
6380.55
4918.037
4318.9116
4768.3984
6044.727
7131.0464
6464.2456
4606.9165
6586.4116
6030.643
278444.2
4530.5723
7143.4316
6120.631
8628.758
4185.9463
7932.7256
5410.8984
4362.968
8383.523
4726.305
7316.9062
4821.914
15935.867
5187.1055
3941339.5
5566.205
4803.954
6551.906
4908.9033
10045.554
5958.4536
5973.7666
4315.6436
6071.117
5305.2466
23014.46
5679.1616
4415.8564
3796.1462
9401.606
4986.0864
7751.172
42483.203
6464.978
2592.3499
3162.984
6654.336
4909.6196
16138.616
2779.8489
13187.535
8883.354
8302.145
4882.0347
4113.8027
5903.933
7963.419
377096.66
4075.921
4348.5913
90117.46
10962.17
4350.5796
3999.4958
5028.178
5325.47
7042.116
5712.7085
7195.524
3527.6035
6688.6294
3500.8467
3361.0454
3565.02
302819.6
4586.877
4810.2104
2496.0994
3692.5952
4621.1665
4893.588
6074.6465
22806.459
5270.369
15067.432
5429.615
5502.253
48257.566
5217.084
5594.9053
3875.6116
3687.6716
5449.5303
6293.5625
4201.111
5489.5957
6770.1045
5728.9634
6059.318
5203.6025
6456.8145
2095.459
2530.7476
6099.772
55958.49
7341.0254
5715.4873
4847.6807
5028.8584
12620.951
1297184.4
8278.785
54253.906
3981.5151
5782.4434
4374.867
5375.7607
7484.354
5327.3906
12446.118
18050.879
6238.5933
3638.672
5879.4595
4594.426
2207.6714
7689.9126
7132.1094
6691.861
10221.057
5245.8
4555.8223
2180.5552
9926.586
5884.5664
5009.451
6075.5864
9850.094
4476.256
6870.948
4999.8174
6063.126
4444.679
6081.2944
5452.026
2477.0293
3872.0598
8745.886
11371.239
4777.63
4245.086
6271.3315
5217.9766
4319.066
4165.235
9791.072
2307.536
10858.226
6864.9697
4984.791
4785.827
5140.8438
3296.8164
4388.094
4270.7603
5260.8574
4279.0796
7915.802
5686.576
162883.34
5860.919
9855.558
2624.0288
4674.414
4211.29
5949.3955
4083.864
87118.89
9887.305
4740.331
7699.256
5260.5205
4939.0537
4664.0225
13815.569
5999.0854
4514.3447
5778.485
12131.103
7939.2607
5040.335
7436.988
8753.117
5403.376
4805.1567
4866.9673
129075.59
6268.4336
7885.371
4503.9326
10220.77
5007.879
10182.942
255647.16
16828.05
2974.6458
124641.47
6580.4355
4412.445
9705.475
4477.8447
5921.947
8895.596
4510.5146
5913.8486
8085.7734
11862.124
6090.842
5739.8315
13897.739
3161.5115
3472.7146
5244.898
6198.4346
4546.9575
3700377.5
4586.144
31120.898
2430.052
3998.9397
7033.6934
28991.197
74788.07
5547.2803
6572.7856
7570.8887
6045.454
16948.016
3864.9822
8472.658
5089.2305
5248.646
4338.115
4642.2954
9827.752
4617.964
2990.559
5852.155
3302.27
3446.5562
135340.58
2442.0422
8792.014
10972.44
4010.2605
2463.1746
3919.4414
4319.413
2496.9753
5055.2954
6064.875
2039.3198
2540.9805
3266.2783
6941.0464
2656.9622
10053.999
5631.4424
3690.9062
2462.9788
2955.8499
6962.541
3506.8364
5000.287
5306.2056
2362.0413
65755.445
5273.334
2879.3865
45492.97
9474.48
2875.8657
5445.8706
19318.111
9006.491
4868.02
5253.906
3919.7446
4437.052
19136.102
3710.5125
5228.5225
5321.648
4091.217
5635.129
6697.2593
3856.6006
8369.038
6387.4683
3902.5344
67848.6
7291.4844
156350.5
4920.032
5456.81
19245.625
3026.9656
6401.465
5205.2954
9160.246
5530.338
7116.5156
6281.5923
8127.315
7756.1064
4591.3604
4563.1416
8237.332
5270.3877
2224.708
5536.7217
6413.1694
6080.713
7069.432
5877.8325
2885.9592
7598.0615
5165.1616
15269.665
5269.515
9066.32
5872.8467
9651.369
15708.006
7678.7637
5411.0015
4593.5454
4224.521
4918.3643
5730.258
240609.7
4072.3557
2416.3298
6560.072
5011.591
2639.6184
11862.262
4349.325
4250.3325
5249.22
38433.312
4898.54
4570.909
3075.201
3578.37
3806.5955
4801.764
16467.375
5456.0864
5302.066
87973.16
4590.0703
33030.004
3282.823
21129.906
6230.1846
2534.7031
4916.425
8345.088
5674159.0
8808.26
4661.8237
2966.0996
15275.97
8168.509
3105.4824
79736.98
4285.7935
6670.747
66763.43
19943.557
8151.8154
3801.876
7692.932
5246.636
7118.4287
5133.3755
6212.224
15932.482
3575.7644
10684.1875
5759.386
3905385.0
4340.9287
3401.6577
5488.562
2578.579
5003.115
4335.384
2813220.8
9457.242
10732.4
7350.99
4741.9937
4332.1187
5231.785
6170.823
5244.35
4739.0576
9143.223
4932.4883
6009.7837
10015.47
3673.5776
3050.768
5265.1025
7337.0034
4986.925
3851.433
305302.38
5501.881
4596.5674
6082.0605
4081.1084
13923.83
5304.728
4419.2305
6889.648
23532.93
1413640.8
6473.512
6203.1274
28178.94
193391.88
4254.009
11923.43
3287.4763
3417.9639
7308.961
6281.93
16432.873
5658.105
4397.5664
5985.082
27345.213
438195.5
10422.948
5809.5645
2776.538
7141.878
2698.6953
5190.283
5089.777
3658.753
4250.797
5616.4014
5346.2935
4876.987
7036.3857
5028.3374
4923.62
5571.518
9158.93
2569287.0
4508.3096
4851.2627
13807.235
3661.6636
2465.0671
7807.9404
4041.7
11791.894
5107.3765
17364.51
6397.2627
2054615.2
5661.812
2675.1418
3770.7996
3695.5024
388006.44
2749.5342
6245.568
5566.337
2251208.5
5455.4575
2432.1548
3712.2915
5957.4185
12879.618
3967.2844
3956.7578
5362.3745
5462.62
2713.636
339459.62
4243.2676
5210.246
2397.2017
3956.0671
6934.935
9453.605
2392.4583
9979.156
5492.2954
5977.7993
5365.928
6476.323
7807.0527
4767.3174
4437.9023
4343.9595
4800.001
6106.2334
4050.2407
6181.4307
93280.21
38486.01
1255223.0
5222.403
7068.168
3313.703
3527.07
4786.0923
280996.6
3242.9543
4754.8076
5060.3604
187299.58
6540.8525
5290.6543
3107.5833
3678.3093
5513.7295
4027.8674
5091.79
4231.731
2508.4023
4866.988
3683.6023
7376.4385
4691.6763
2737.39
5751.7876
4076.4082
5772.6133
3286.7256
4085.9272
4692.312
3372.6516
5541.025
2274.4663
4523.5054
1119836.5
15257.496
10425.253
4155.8203
11167.474
29613.227
1201573.9
6974.939
5255.2363
7026.603
161996.25
7419.623
5984.275
7118.1636
10428.887
6267.08
10709.596
4218.556
5659.0234
2855.2837
8333.318
3219.2449
4208.3735
3059.7227
4597.619
3843.4233
5514.148
6061.5034
6458.0503
5656.363
2181.2476
3187.3916
2570363.0
6189.25
3926.0044
7010.6753
5609.6045
21351.63
75794.734
8220.073
4689.222
3609.1826
6729.7876
4258.8027
4786.3813
192499.86
5310.242
6534.3975
2626201.0
1472476.0
6930.001
6770.521
39509.703
6002.551
7428.761
4854.8003
9252.164
13385.362
8799.868
2938.7166
2409.6672
4515.419
3367.4456
12147.346
2445.7927
3599.408
5339.4307
4433.0874
8898.529
3758.266
5158.125
6412.3315
3917.9717
15316.869
3902.7969
5196.661
5053.2383
3874.4355
7335.4707
4578.331
2733.9602
25420.656
6130.756
2388.0664
5133.1895
6625.099
5764.853
4146.0186
5182.095
3228.9663
5281.4434
4483.773
6447.4077
4304.334
6476.366
5248.5464
4976.6455
2361104.5
2719.1824
9591.213
3983.0703
5061.397
2470.2935
26893.404
12693.809
5578.3237
3348.0652
4044.478
2813.917
4451.119
4431126.5
4647.359
9032.954
8715.643
435555.22
40327.246
3918.6792
3141.6462
3809.0847
1323077.4
1070479.1
2484.4766
2575.075
5241.962
4604.365
5365.2075
7222.2114
29321.422
8113.1777
5755.376
6537.2036
14009.525
119668.87
209556.38
6572.543
1826960.6
6432.575
5194.297
5256.8516
4396.7847
4414.198
2629054.2
7180.521
3304.4065
7033.0786
4578.6255
6880.1074
5817.1484
7308.2773
4140.785
4693.499
5555.6577
6381.662
5362.787
8367.664
7268.919
9105.701
2333.4436
25336.83
8207.232
7024.1025
7102.812
262064.23
3195068.2
5057.1094
6329.866
5755.1934
5113.7676
2997.9211
4554.3633
4370.885
4525.8335
4510.4644
3266.5535
3507.8547
4631.7744
6301.435
7312.047
192859.3
3926.878
8065.2163
12406.253
491620.53
5627.3584
6995.209
6590.6396
6683.4272
7882.4536
4607.79
6568.7554
4493.008
4481.9253
4816.0835
6149.6943
6727.578
3439.4465
4413.467
5954.864
6516.269
6240.9717
6106.5405
4220.02
4621.8115
4801.655
4717.8643
11712.376
9794.9
4282.3296
5395.916
227910.36
4232.4805
117562.59
5571.18
294594.88
4205.1206
4968.175
4847.5513
6036.1934
4707.6875
3888.0483
32006.31
6272.1626
3858.9634
4500.579
7391.0713
6156.537
19588.27
5853.326
5470.561
5012.3145
3672.9536
7946.0
8695.671
6656.7476
8177.1626
4681.5723
4536.5986
5976.7925
4066.0938
12613.812
22564.893
2425.247
4904.9556
4165.133
5276.7876
4662.273
8051.808
152273.97
2009.7988
4573.333
6457.5156
8899.435
5056.6455
2898.4604
4169.785
2122.3496
15058.262
6808.965
5952.3555
493959.72
5895.6797
6070.81
4721.32
5304.632
6112.1836
7346.849
7909.725
5975.124
5313.6104
39382.902
2413.699
3965.3904
568299.56
2430.6208
2417421.8
5220.853
11652.064
5957.287
6466.121
5815.3457
218886.78
7902.318
8419.535
9331.822
5565.523
5582.6265
2788.9807
3987.7659
6329.0103
4622.9795
4205.579
3674.491
8179.3154
5105.0435
3999.746
7409.4766
3604.1975
2549.2163
4298.1226
7148.0186
4378.9067
42493.55
2529.2058
6580.1924
5186.8174
5707.429
9302.648
6063.2764
3425.718
6323.5
2188.4067
4732.2734
3869.6118
141830.45
7722.6553
52445.348
839476.44
162476.73
4603.901
5725.0615
7763.4673
8530.1875
7600.9556
4600.0107
5173.2246
4825.7295
5188.3584
5588.9414
5223.9346
6843.7017
867927.4
4748.7227
5908.417
4544.308
7164.3994
2286.707
4647.6826
5443.1104
4788101.5
4172.7183
116504.45
9249.878
7600.4717
6558.147
5850.416
7952.0366
2233497.2
4873.1387
7028.5654
3647.9111
623449.44
8417.681
4881.0747
4992.397
4972.118
5917.172
4378.1787
7656.8086
6523.4404
2212.1145
5566.246
5207.7275
154081.0
5700.7554
5321.9287
4156.878
201766.73
5195.075
3153.1104
2133.735
265746.12
2393.3018
4302.616
5008.4116
2351.1423
4644.494
8853.651
2533.9902
6702.4707
6859.619
4705.7373
4128.054
4302.1514
4262.073
2875.7917
9112.085
8253.6875
6512.0796
7035.9116
12247.054
156763.62
8354.963
4778.3076
3369.073
3444.8235
6416.318
2970.7537
3601.6292
3734.7349
3804.36
26579.895
13018.908
4983.495
6908.133
8443.259
13194.008
2683.735
26494.473
34252.46
4966.176
839399.56
7983.1514
7439.976
3695.8477
2776.6165
9637.889
4534.932
3936.762
4805.2764
5619.258
12626.086
4681.2393
4676.405
4155.8555
7990.197
5324.8135
4192.1587
6153.1235
201023.39
4948.005
3887.5403
6602.072
2794.585
374522.06
7802.5063
13305.871
192265.78
15344.854
6089.7393
141064.58
6808.3086
3126.6943
4825.947
5931.4326
5015.789
2935.6414
6426.098
6402.935
2631.876
5383.418
6717.788
5152.2324
2468.1216
5638.881
3911.5298
5459.2197
9167.832
4304.263
4598.1377
2143.045
5047.487
9075.218
8471.674
2533.3445
4528.8105
4377.188
3974.2795
5187.1924
3826.9219
5399.324
4383.4185
4232.8125
5980.8677
3528.6602
15364.947
13489.252
7769.6816
35463.324
2349.5588
5243.8525
8844.55
4434.3687
6721.5967
10184.061
3955.2764
5293.85
3724.3428
3031.5994
3488.5522
3794.7139
4294.8975
6108.9307
7878.443
5345.8433
4764.2383
4108.9097
4085.243
4777.852
7376.1343
4795.921
318981.8
5364.9185
6603.501
5434.094
4405.08
8478.603
5950.3066
13267.896
5595.188
4711.7534
4370.71
5101.641
3558.54
11655.096
4301.5547
22625.432
6340.128
15941.406
9795.939
17879.145
833514.6
7786.811
4143.458
78752.93
7238.589
4807.665
8326.892
4959.6064
23304.104
111569.13
54713.25
8910.027
7261.98
13348.2295
169124.44
5884.0063
4580.529
6640.997
4451.089
15222.831
7033.224
3918.5613
6733.0747
7454.0806
4511.465
10192.954
7859.022
7603.734
4843.162
4065.764
5248.048
4176.7056
3790.6677
4271.9854
2195.4973
9401.911
23243.209
6980.012
2086341.0
3097.4434
5153.341
315603.88
10542.818
4736.2427
6387.688
4086.0835
58400.793
3804.9363
3746.0964
43282.664
2914.589
6976.384
19039.559
4234.3096
6932.0127
5615.8545
2528.7227
3801.5522
4578.1025
7441.0474
3407.6558
6298.522
122475.67
7415.5444
4507.917
6358.97
28957.87
3133.8003
4929.8184
239771.92
5333.133
2920.74
2898.5718
4490.2803
3957.309
4286.639
5699.1533
5865.2925
5989.2544
4038.6018
3644.392
12654.732
2848.9688
5633.2393
2724.677
3951.6309
12250.142
4757.547
3965.6372
3123208.5
2734.8457
10507.308
6412.2695
7874.9097
13879.709
5830.349
3040.3027
2533.6233
5153.535
2477.2043
3713.55
6455.134
5840.9307
6231.9873
7839.5845
5949.7217
6179.0225
5906.361
2658.4468
4757.673
64714.113
15727.56
5549.594
4429.2393
5134.161
3116.0627
119939.875
4336.567
5588.3833
8075.276
10975.946
3647.367
5665.0913
27786.062
4040.617
4921.213
4041.4854
4739.3677
9084.485
5669.71
3625.661
12926.759
4320.773
5857.655
6830.097
11270.469
5095.6475
5630.52
6043.3228
8319.228
5607.2954
11365.225
4005.9543
4590.284
245924.77
4393.614
10980.568
11138.902
7954.327
6698.2524
4072.916
8352.061
7165.9595
3281.3337
5551.2476
62419.37
38561.32
4418.997
3284.4915
3206.5178
5931.859
5986.423
6524.3877
6301.4775
6774.0854
6019.732
9492.756
2864.1108
5664.704
110916.125
2461.4937
5023.83
50057.57
4131.529
4977.8438
9276.169
6397.798
7100.883
34523.953
5422.491
3882.4675
5731.04
374631.8
5549.2046
6901.8213
5145.2925
3482.4043
4274.302
5046.6553
7796.5903
388854.03
4259.9824
5993.755
3758.622
2940.4429
10653.328
6375.1045
5973.8125
16704.787
5889.946
11900.218
5000.1045
10297.659
74393.73
4681.325
229363.9
3392.2659
7607.4014
5382.3813
4883.0024
9057.106
4361.3076
2406.0835
82732.5
2278.7622
6318.3755
6911.39
8458.757
4772.8623
6519.622
5704.8237
2642.2734
2898.3992
5749.55
9427.923
23402.014
4896.078
17818.086
6253.5654
6280.238
3049.2527
17435.473
5219.591
8204.365
4540.309
11312.064
5749.1274
6675.325
5069.042
6405.385
9613.3125
4801.9097
16829.047
193747.3
3935.7036
2872304.2
5085.4673
4152.5845
18100.73
3012.9858
9242.352
124120.11
5126358.0
4506.959
4575.627
5822.8687
5579.5977
5443.9272
2198.0376
4876.7314
3844.22
14063.791
5240.674
6707.1636
7425.3047
2663.7803
4077.3218
5783.5254
2257.8115
2921.4702
3996.5327
2714.5098
11360.296
149999.19
6297.1514
315207.1
6150.7793
4310.279
1979083.9
2095471.6
120662.22
4864.1885
5335.8657
3941.493
5233.6216
4463.5244
5899.2744
3216.087
34164.562
5855.3345
6705.657
9762.264
4788.0747
6976.1543
5039.4434
2341.1006
2633321.2
9998.406
6966.3535
3700.5002
4664406.0
2047.9524
8435.607
2252078.8
5519.161
2492.2886
5243.596
6234.7944
4841.535
10195.0205
2844.6116
4572.3193
11246.281
11719.665
7817.8867
4392.7124
697536.56
3784.9934
6938.5005
62443.227
15681.129
6789.3286
237154.44
4542.9053
3603.3132
2699.4883
29631.316
8911.444
462582.88
4161.785
4589.696
9672.897
3948.9653
4437.6865
4703.5703
5922.0195
267232.72
67391.12
3385.3848
3476.3918
6129.5684
5112.068
2842.4314
1141948.1
3648.5903
5020.7207
4120.8623
4855.5386
3320.4197
3523.0127
7126.3433
5372.266
7177.982
205190.88
8150.171
4813.6567
4650.3955
4512.7725
4099.165
39161.023
5866.524
5640.8906
10275.05
11518.903
12731.384
419771.6
5239.403
2715781.2
3337.0276
4758.533
3514.1768
2810.0957
3439.994
4815.1836
2501.714
5610.8047
5371.64
4283.8154
160022.62
6883.2803
8785.651
5269.918
3712.3538
5538.667
3072.5017
16851.883
8525.534
27424.783
2613.7725
5579.732
4473.0312
6428.233
3896.046
7790.478
27655.678
4419019.5
6089.5522
82443.65
6089.652
10223.24
4157.224
4838.5244
4726.583
2052.1094
5656.1963
14267.664
10732.343
5213.617
3885.7537
4095.346
8086.276
4311.941
425613.62
3668.2961
4111.443
7224.268
5942.25
5565.8306
176000.22
4084.0276
6090.065
3599.7283
11123.397
6033.4287
3397.6943
5499.335
5435.1274
7489.8066
8292.849
5531.5576
3571.7322
5002.056
4833.7134
9338.033
3796.813
6250.859
22509.268
7306.114
186908.31
5407.322
6289.1904
5507.4062
2278.4197
6628.0244
15460.674
3533.6616
6946.9844
4060.9
5158.0225
6472.9565
6491.6333
6879.1045
5058.1387
4669.744
5621.4014
5206.0684
5018.276
13579.831
4229.47
4499.427
3521.7805
4520.396
7033.556
5412.831
8332.096
2805.8809
5025.9067
6124.6333
4177.0645
6699.04
2774.8105
6357.287
7401.5415
17259.268
5030.512
7033.527
3851.8916
3704.0464
5512.232
10773.597
4489.387
7389.18
4189.267
9254.201
4003.8374
2150.2363
4945.611
5544.208
10634.869
4296.599
4295.215
3363.3699
6721.4067
4593.4233
1827734.6
5140.901
5748.8306
6644.1807
4313.119
6856.584
7433.2617
5641.523
7459.759
4734.403
8443.332
8400.799
4809.454
5822.883
5931.0127
2533.5745
7150.3276
4841.795
7370.303
5729.125
7832.2104
6178.5234
518807.28
6353.693
2591.7368
2494.991
6530.968
8054.861
4343.015
5331.062
4002.4248
4764.2183
4359.2485
5473.9683
17277.477
5430.483
6280.1484
5669.8013
8491.217
6179.2354
4510.9536
34468.49
4603.3516
2369.1604
4776.877
6474.126
7802.1636
1123199.0
5766.372
4330.4194
8789.5625
10705.598
6030.561
3830.1072
8487.998
5089.714
3825.2178
4477.0054
2556.0166
13611.516
2792.7883
2411.304
5555.5044
5170.2974
592342.94
7339.7554
4793.75
3390.024
4296190.0
4027.5552
6188.232
7066.603
3745.0803
7485.8857
6302.1797
3023.4626
27168.19
7595.4385
571740.1
5128.002
7763.816
4742.3823
5526.163
25327.316
6498.746
4436.4897
6607.998
3850.8066
4039.2854
6528.5303
7063.525
4624.1714
7041.0596
10663.369
4933.955
11964.863
5624.5596
2816.2124
4668.5273
52892.09
5138.739
5553.3896
3963.8862
19635.564
3434.2683
7028.394
4382.965
3367.5479
6279.9307
29384.914
13541.168
282940.6
5283.299
7299.124
6329.174
8937.144
8055.167
3100.0352
3468.6606
3904.9858
7466.459
4460.0146
4213.755
5626.3193
2722.9312
8150.2993
2419.8423
3806.8318
4555.7485
6440.3794
6155.092
5229.043
7030.8647
6822.1665
4720.7554
202598.11
3357.5884
5481.343
4062.419
4394.0107
7607.0444
5045.2095
434244.34
6564.558
5663.8
4829.9746
4806.4785
5316.607
3553.1506
6319.574
4806.267
3363.0093
4577.9326
9512.678
104635.48
3560.5784
6466.2573
5711.203
6046.203
3796.3525
6560.456
5332.76
6286.918
334050.38
8339.675
4664.3916
6951.415
4222.9033
4198.5396
4349.814
3542.6394
20519.39
201188.64
3003.059
5370.955
11476.537
4207.9224
3541.672
6131.408
4187.95
5996.667
2378.8088
3166.0151
4618.5474
6088.2944
5938.0977
4809.806
9051.118
4659.8735
4155.329
5727.0063
6454.273
5673.852
6060.762
4972.115
4139.41
7166.7036
5762.0073
8075.1177
5262.4604
3581.7263
3233.4749
2053148.5
5203.8706
4526.6816
7835.3403
5024.5244
4128.078
449299.53
3570.033
4830.3125
3762.0752
6751.8794
311443.5
5741.8643
12048.375
2463.954
4591.1885
2918.1104
74714.47
5766.2144
4778.1104
5957.661
10220.761
4959.049
13010.404
4162.4253
865703.94
576436.44
8357.062
4766.9146
4990.4395
9753.294
4696.1245
7116.0415
4996.761
4625.301
5734.212
4235.5547
3502.8672
5969.422
4918.439
5193.1396
440001.97
4232.3394
9076.574
8650.753
5224939.0
164919.89
3708.4788
6549.3643
7504.9336
14457.806
5361.9604
3840.1702
4501.796
5880.1455
33950.25
3311.985
2019449.1
3982.6362
5106.688
4434.0566
5567.1484
3628.4316
222801.16
3988.1323
5918.9526
1385212.1
3715.3025
6458.2295
5545.7183
107750.69
694839.6
8700.705
9537.552
2559328.5
4390.375
7418.422
4822.6533
3605.6746
6047.7646
5274.9736
2640.9985
5519.197
4128.802
4272.9507
3366.235
4790.564
21488.514
4595.3613
3789.7458
5584.538
5111.4688
5863.2725
4122.3506
8952.406
3949.7705
4613.298
4781.896
5525.169
6355.645
5000.4106
6345.8145
2672.8447
4890.724
3807.3665
5390.176
5702.88
5590.6616
2222.9888
15496.912
6054.854
6153.748
4744.34
4744.198
6358.753
36429.93
3890.4949
5503.7783
2293.806
2554.3013
3138.269
4955.0537
7146.024
5501.513
8966.78
4863.091
1328264.0
5632.318
6590.7505
5358.647
4336.9653
4933.763
3709.6106
6089.017
7831.1045
26165.158
6213.1504
18814.17
10635.748
5267.2705
65621.555
5171.0635
5301.2456
9717.199
5240.1465
8827.504
10261.887
5142.3984
4205.715
4754.8394
5091.1416
6013.263
4348.0103
4532.4556
6100.4395
6370.9927
5894.3154
4948.913
6635.489
1937376.0
4129285.0
2402.515
2379.9546
3243.8704
9146.811
4525.7354
9746.053
5293.544
6485.0195
7643.86
4072.9255
10398.706
795283.56
3562.2263
4539.841
5431.0674
3946.1707
9205.307
4371.5103
4654.544
4762.7324
3915.6536
4301.2036
7995.243
130834.984
11482.138
3917.1377
14913.785
2408.5605
45254.707
4625.316
2648.4343
8236.912
6680.7954
11427.3545
7276.5874
6322.5063
17344.547
6112.2324
18269.045
4644.895
6064.108
8878.875
312081.9
5739.7646
4448.646
6669.498
5203.4463
303897.62
5225.6514
20207.479
883680.8
5351.8306
7919.72
4375.8613
100031.56
6393.418
10286.601
8482.867
11671.9
8277.212
3745.9417
6030.4116
3578.69
6630.8667
3144.752
3870.4385
2766.7688
5493.712
11337.979
8874.415
5298.8423
124330.88
4280.696
5236.815
10941.074
2602.2776
6371.1177
5330.8613
3281.4294
6898.215
4277.254
6206.9106
5517.2173
41458.754
12006.218
5808.929
13649.072
6162.6387
3436486.5
2736.6763
5272.9854
1483579.1
3949.8127
21202.469
485959.78
5022.8115
5620.3076
208010.16
3618.2405
4892.3735
3287.206
6454.29
3890.5784
7298.617
20551.047
5509.827
7252.696
2905.6406
197508.22
9513.435
5520.532
7114.071
252848.34
3782.2708
8119.8896
6868.4043
6795.583
4524.809
5986.3135
8706.816
43285.965
2346.638
2369.8938
139873.53
4854.3604
5576.4575
389018.2
3557.0825
5294.0576
980382.2
3425.3206
6466.5825
4212.6235
4106.8716
4002.195
2592.1064
6736.7026
10889.811
4600.365
5175.205
11560.105
16272.449
4941.613
6025.6562
4797.9087
6754.5864
3653.7578
5194.489
2582.5007
5959.8296
4680.1665
6722.035
4512.1064
4089.1426
2360430.8
5378.4365
3759.7703
3744.2368
5040.154
5333.3706
4319.44
2767.5925
18123.465
4393.1133
2180.5586
61859.08
4226.889
366863.56
859435.94
3641.3325
139024.47
4069.552
8628.517
2747.8374
8282.482
7088.583
2744.685
5572.4326
4600.205
5219.8545
3973.329
5470.788
6024.6567
4766.8564
4339.356
6078.273
6840.8213
146932.08
10650.818
5136.127
2360.8281
5246.1978
2166.8972
5176.853
5232.5923
6278.08
7093.108
5904.6006
385582.66
10264.874
10328.658
3165.5273
23836.418
7974.6816
4890.871
6337.7217
3553.13
4842.315
302276.03
6942.301
4935.7134
4155.1
923908.1
8357.359
4974.199
4968.5947
6190.407
8168.621
3085.2095
3581.66
4160.4697
5860.9297
172772.25
3631.7336
5616.728
4354.837
4450.3013
4314.6826
4827.8555
5482.5537
4539.1724
15522.559
273330.6
4992.197
4671.8755
6022.619
3208322.8
5946.9277
4196.554
5184.237
11382.797
10962.034
14473.582
4480.82
22907.75
2459.5166
4626.991
5351.169
7007.4707
10275.6875
5149.5063
484319.88
6451.9966
7791.2295
3259.1272
3471.2246
5588.28
128987.4
8100.2583
4447.7715
6143.4697
144547.25
5440.0884
8123.176
6001.0312
4504.086
7101.9395
7229.214
5171.1807
6370.506
4355618.5
3338.9932
14242.617
4275.294
245956.47
10362.734
6488.0005
3510.5742
3135.9414
6431.406
6305.146
5732.4224
2588.3892
9753.584
4515.503
62085.977
11124.766
7671.2393
5636.264
8424.771
4501.441
13152.99
4357.9263
6189.255
7361.174
5938.5303
4807.5835
6651.6533
4819.6416
3446.9883
7915.324
133009.0
11236.29
3996.7393
5571.459
4841.8413
2276.807
3895.4175
3569.4863
61918.42
2493.8064
7822.8867
3444.0278
4176.388
3784.0254
4256.621
6436.086
3939.592
6081.2
4683.9453
2280.8076
4203.7744
3604.7324
4431.5957
4155.5303
3882.0251
8650.676
8162.1523
5321.057
5837.6826
9490.067
3414.303
6796.9653
4554.886
3571.308
2458.5884
7788.2974
3500.1777
15644.635
5269.028
7133.9097
8500.217
14397.981
4799.7573
5607.0723
5945.1113
5633.312
4337.552
6273.4863
5489.4565
8236.145
4390.268
11526.178
2967.7278
6768.342
2852.483
8629.212
5997.206
13548.926
2942.4104
240527.39
7050.3887
6483.8486
5039.013
86095.16
8257.321
6448.464
2150.3914
6708.592
3003.5063
1500213.4
5198.442
8643.671
5070.073
2507.6248
5958.7217
3762.5505
6825.524
4866.0806
5262.8604
5444.5483
7041.818
61558.438
5887.6357
3839.8528
12435.649
4186.9224
26409.746
5768.8027
5793.1343
4474.168
2723.6958
4813.86
17867.777
5201.553
2289.444
5768.0435
4251.493
6027.8877
4929.6733
4627.674
1009600.9
6082.9385
5858.9253
3748.0435
4635.788
4598.264
2498.8953
3478.4902
12369.187
5812.561
167741.77
3927.1584
5791.137
7477.924
5089.5435
3598.7039
6869.2007
9224.903
6310.224
4556.4194
3527.0923
3964.7734
4681.6836
12705.863
5784.286
9088.241
22186.852
222043.17
5356.4233
6315.4375
6267.627
17123.586
4307.2314
5372.922
6199.1807
4468.2803
4932.7295
6450.7686
12979.641
4371.8267
5435.4805
2319888.2
2809.7144
5325.679
4113.6123
8235.693
3334.6235
4662.4653
4484.468
63640.18
7296.245
4495.998
7460.6333
1415728.0
7363.99
222740.66
4143.4907
5634.5024
12865.476
11049.186
4636.2
4222.5107
5877.276
2549.622
54476.81
8315.668
4447.506
4889.754
3261.454
37679.95
3126.5576
6257.5107
5968.668
5194.3916
9807.686
15228.592
3205.5706
14557.075
5284.1494
2691.5405
3942.1194
2559.2166
7061.6675
20861.672
3958.997
4801.213
6135.0806
3584.5254
4393.219
5466.695
6640.702
6835.0947
116392.54
6710.8677
5081.6787
2978.8604
6332.0303
5473.0376
6658.4897
4003.1882
3645.8313
5267.211
3346.1973
4408.433
5141.535
3004358.8
6086.728
80807.26
4324.543
4478.762
11025.072
6853.5483
12616.463
6868.729
8958.107
1355728.2
4535.76
8393.475
3314.007
5669.87
5038.8623
4997.361
4796.87
4590.129
6595.887
11590.148
5024.8594
2459.5664
5363.6826
5868.26
5494.064
6941.3906
3958.909
4903.469
5063.3066
8339.696
3726.692
4628.5938
5768.5283
2414.751
5040.9507
8181.6074
2164.0437
1275789.9
3793.7397
10674.579
34032.227
5895.66
3276.7153
6082.014
5540.755
235257.03
3670.1418
9753.42
2443.3152
5089.778
8837.696
5612.293
2805.331
8126.7744
712185.4
9588.087
6335.3657
2548.7502
7567.782
4185.2354
17127.902
2911.1685
2960.7788
7768.2905
5789.4185
3030.048
4098.3955
14355.708
4812.698
6187.3765
11983.778
3941.153
5054.438
4649.8813
7338.7886
4688.897
5667.9126
111683.54
2618.8594
4372.2153
3948.3657
5448.923
3543.484
5354.5645
2519.081
5101.1567
8639.009
2690.0984
6196.6416
7121.878
4778.0195
6168.8364
2538.8438
2253.586
8286.72
11337.175
5751.5317
4972.6562
6247.0557
5315.4834
6467.09
5206.3374
16898.322
6680.324
4531.5625
13128.842
5074.0474
8053.304
349038.5
7163.459
2000.1036
4567.972
6887.425
4002.4517
5844.6323
4191.69
4513.108
5615.2393
152235.52
8082.667
3500.391
290449.1
4894.203
6062.211
9768.205
2478.0232
5208.391
4442.007
16407.732
182173.7
15818.667
7474.968
4541.499
5452.5776
4516.655
3509.5486
4774.748
4990.1074
10700.158
4746.1387
5635.5264
4035.4536
5427.598
4790.9473
4938.5806
4752.2446
8480.11
6232.924
2351.108
4120.0396
5532.293
47871.793
6253.979
5435.4727
5067.354
6638.5864
8890.644
6823.598
4199.081
4117.3726
6490.4507
1356784.2
7852.0337
5675.2915
3008.7065
1871784.0
4334.233
4820.036
4710.5356
5359.7656
5930.042
3641.361
6789.508
4992.3193
1683231.5
24498.203
4328.0205
3558.1003
4056.1826
4397.083
6347.8257
398465.06
18947.0
1822879.9
4786.326
3877.3223
4759.7026
4935.2603
6293.7573
5155.487
6478.13
21434.066
3899.8892
4130.529
88101.04
2619.8638
153606.53
2727.2285
4053.9182
3669.9485
2855.413
2559.4712
5044.0366
7282.8438
5647.923
10546.998
2435.2205
6345.213
2663.9087
4882.512
5182.196
5505.1494
4893.12
33306.52
5046.5845
188005.62
6268.638
75151.23
4858.9634
2318.9873
3488.536
6195.6475
4129.3315
3479.9177
5719.0835
5679.4844
7227.591
4909.507
3771.4424
4543.4375
8145.392
4483.2886
340238.6
5715.1416
2486.0444
992487.3
2049.1
3620.8867
7113.624
5381.6304
7469.7715
4052.3687
6360.756
5354.7383
4087787.0
4456.147
2078.1729
262395.7
4390.4873
5679.3027
16099.217
8023.6934
7241.929
15010.239
1187508.8
6027.0205
5807.2324
520399.38
2504.96
4834.7793
6499.712
4994.4062
5026.115
2526.6802
8546.015
3923.0024
100319.85
2869.8938
174607.7
7139.1997
5957.287
10851.534
226248.14
5402.091
3412.1174
4811.8696
4439.116
6392.275
8987.254
6583.94
55232.453
10034.204
9224.81
6198.7627
5457.0073
2410.963
5011.1714
11875.72
6135.7603
4535.5957
9081.529
6792.9834
4824.757
3009.0479
6167.231
11948.854
3730.0342
23578.355
3758.35
5610.617
3504.1733
5124.8857
3603.7246
5923.9214
7211.0674
2795.7256
16857.775
1508759.5
3559.2344
5060.2246
11396.363
4397.644
84361.1
5938.8438
3321.0474
6720.307
3937.5046
7609.5024
3355.5615
6498.025
5604.9717
8715.054
4184.6694
2754668.0
107318.67
72992.0
15323.108
787562.25
7101.9062
3016.0015
3316.7915
4769.718
4747.0024
3534.6687
4622.7183
3619.4097
31647.15
8633.853
10499.164
16228.819
27403.697
2886.904
330877.44
9511.348
9747.536
6193.8223
4270.8296
6832.3438
4077.1716
3993.9167
4575.1255
2502.4604
3719.8381
4099.468
3418.3018
5303.1504
5547.4595
5682.2236
5627.628
6410.061
7993.316
4712.123
4935.0815
4808.588
5845.505
5841.3965
4181.4395
4194.7417
5166.1753
6590.686
12124.749
4161.24
6634.8223
3173.9946
5188.324
6093.87
4775.15
4465.581
4824.057
6031.9873
8956.298
3983.2188
5367.563
4349.818
3116.599
6495.2754
3620.6013
3856.967
15069.846
267134.53
7676.943
26354.451
5637.3164
6937.612
3650.3528
5639.95
5241.0864
3738.6577
4005.5798
600932.6
4581.896
7478.985
4058.2441
4477.9126
35553.4
9255.669
24700.945
7000.0723
5504.263
5979.2485
2803.7188
6137.2876
3765.326
4795.3667
7879.803
4963.8154
4688.4443
4991.3745
6018.4897
19923.059
4142.815
10326.98
41032.562
4732.5225
5956.67
6816.6953
123982.39
17087.574
213358.56
6876.163
10296.6045
28830.914
114647.22
14822.444
5364.6304
2463.9207
6040.6978
7562.7153
5508.609
9322.433
110279.19
2975.1091
6014.746
3228.8154
3521.3481
1014917.9
6755.4565
4981.1743
5852.8945
5575.422
6550.487
529389.06
108204.96
7085.2637
7023.556
5346.08
11385.537
6496.045
5608.679
2879.192
5119.453
3851.2896
7865.0415
5748.307
4610.99
4105.55
4826.661
3484.5144
5151.7163
6229.4233
4430.3433
3586.1746
6883.7285
1307439.6
4537.5864
5823.354
3859.4907
9351.707
9150.107
15142.321
2856754.2
4818.755
9722.53
31106.148
5148.4263
5201.1396
11126.26
5773.2974
4684.431
211784.25
4853.49
7418.657
14496.65
2840.182
4820.1885
6197.2656
7942.0728
9220.722
6680.4546
10262.208
7247.99
5561.834
6456.687
9498.494
7139.108
3801.2612
6393.1807
6518.233
7747.5986
6094.844
4486.2227
8247.761
5728.4165
547750.0
4921.5034
2870.4175
6195.5957
6259.9575
5753.1763
5501.738
5966.66
756940.9
6001.8184
116450.52
4641.726
5944.5054
3747.9517
10882.997
6168.567
10349.816
5261.967
4233.9575
2382.1533
8528.166
5566.9536
5353.3447
4916.4575
2266.8323
9307.325
4814.5635
4927.666
4162.319
208674.53
6046.8013
107008.99
5820.4883
12023.384
13453.651
13878.213
2583.7612
3936416.2
7690.33
3973.635
2688.7554
59235.465
7097.413
5357.351
8057.2334
45746.312
2170113.5
18845.764
782191.2
3322058.8
20157.098
6619.829
115815.07
5867.379
6552.793
149442.25
7125.7827
5757.132
3541.8433
7502.677
6433.454
4027.692
5707.6836
10298.039
5666.0747
2362.5947
4937.856
4950.739
16383.776
2566.6267
774792.5
5761.147
6848.3257
8670.45
5174.156
24868.91
6443.68
5201.6357
5613.0654
5576.973
4096.6514
2758.878
14656.97
3512.9695
5418.705
13732.771
5208.9023
6149.2563
4697.0444
4816.4697
5410.0317
4391.4717
3985.8533
5970.5146
4747.071
5747.8384
5439.848
9678.415
5789.729
14259.355
6514.234
9830.525
4671.7563
104527.984
3740.8184
11229.59
164961.78
4144.5674
8069.1465
3658.715
5196.23
31772.201
6270.25
3646939.0
5707.854
6287.443
218814.52
4767.649
4055.25
5514.1943
5190.122
3734.217
9209.7295
5402.7163
6676.4653
3460.0833
3856.3777
5736.0728
8190.551
7721.5107
242567.73
8792.428
60714.773
4486.2236
6842.5215
4061.8599
4840.9434
3401.2832
8073.4863
10236.67
4737.9053
7112.64
6516.7036
2964.8267
4689.6055
4849.1226
10422.33
8407.778
4133.589
5378.5464
6182.9014
4452.409
4233.827
5929.296
5212.187
12270.27
4986.4043
4771.158
5385.6133
4612.3516
6201.2817
7311.6943
8892.779
2321.541
5593.709
10710.275
36036.742
6330.1025
5602.724
2871.2197
9506.749
157117.66
7476.505
314875.12
5005.376
390539.84
5265.105
5615.3145
3166.5364
8015.5576
9305.369
4211.226
5977.683
2850.0117
8552.225
7837.3726
4930.1753
3511.7847
3899.6108
4380.67
5845.141
3677.7686
180752.33
3061.0576
6473.422
8300.591
5746.7817
20720.771
7119.5674
37531.906
3529.9666
4664.225
4822.6533
4481.6177
4645.91
6600.674
4363.204
4132.6533
4800.032
4940.545
16855.207
9644.007
5903.7114
6546.3823
5534.092
3530.975
211774.08
3717.3044
5653.0635
104462.54
77602.04
4463.7812
6278.716
5168.077
4299.7207
7385.686
7418.946
6042.1006
4841.29
36358.633
20502.879
5707565.0
3619.9592
2710531.2
75651.234
14514.556
5274.548
5357.142
126593.586
4636.0674
8852.118
5617.324
6000.9995
10796.98
4479.7847
7770.4434
7528.4893
2341.2275
4416.3516
6917.118
4469.559
10137.3545
6321.682
5740.256
7679.8037
747158.06
6611.1953
5320.036
5921.4834
2299.6184
5568.918
264203.6
5464.146
39013.66
4151.305
5101.989
34324.477
5461.3496
5427.5903
6108.636
609960.3
3847.4277
3293.9482
4583.2085
6358.7144
4652.162
6558.703
5755.159
9220.28
5052.454
12532.008
4245.3125
7476.603
88144.69
5484.967
4272.7383
6886.1953
5425.8955
6722.109
90045.93
5700.109
5170.811
5593.5146
4338.199
2517.8086
4785.72
5344.24
7358.9985
4922.0127
16832.432
5872.485
4530.5493
5500.4585
6594.7583
6685.8623
2314.0356
4690.4854
7868.795
2482.7485
6385.1763
4164.286
11105.478
3599.6077
7490.843
3553.657
6295.328
4649.7554
6609.6074
4269.5654
3770.8394
4575.1895
3636.2893
6235.078
5976.134
4196.6416
7835.378
8240.698
4798.3345
2163.971
7030.51
4745.778
195264.14
5635.7666
4325.5586
4046.538
12214.38
5322.909
211653.5
7184.345
6521.6426
33995.26
8229.915
4372.997
4357.0986
4841.5605
4040.8647
5078.1445
4030.926
9889.799
2683.7598
5939.218
4260.988
10062.205
6726.0283
5034.9663
6426.9834
5799.1094
4821.7944
5888.8413
4029.3184
5198.295
25313.098
29861.004
4650.36
6661.4683
7630.383
4640.191
7476.588
1040339.0
5429.6245
3369.123
7019.182
5186.05
4470.169
6799.2383
5226.579
17718.516
26898.043
7814.4536
5143.086
5033.822
7209.848
7233.472
9603.142
5875.9795
4603.6533
4701.633
8081.9683
6713.2065
3218.342
5180.69
5994.329
6009.5015
4834.9995
5687.5806
4106.1274
4301.184
8390.764
7504.2925
7760.025
5827.743
4247.3853
2199.2632
2219.372
10375.792
6846.942
4263.1763
5903.834
6086.3594
6299.02
22889.574
6147.3984
4067.7534
115725.61
252974.38
8446.075
6719.246
7435.3955
2504.1987
4051.4426
8722.23
7195.0356
1297563.0
6338.8057
7155.501
3798.0464
5328.036
7978.75
688892.75
5459.2627
5230.971
4619.14
5307.86
67748.64
5838.657
2930.6582
7869.106
5300.2427
26791.307
3733.3667
5619.239
5295.2856
412964.6
4637.1626
4119.04
6556.1187
7036.7827
6077.6045
6487.135
6149.559
7140.878
4497.1987
5462.837
6624.501
870604.8
4159.628
6051.2886
595357.4
9331.143
11267.844
2511.316
5906.1865
156462.73
55161.008
5938.7466
2888.536
4031.066
2617.2288
7410.474
4432.9136
5209.7744
9874.301
9029.871
4919.17
3047.8542
2461.064
5684.2417
351015.5
2520.271
13115.262
20270.912
6287.379
6734.211
5310.28
26018.6
10279.759
5268.6436
6583.1426
3506.8855
2722.3848
7076.791
6625.6113
3332.2627
5240.389
3996.6423
3684.0474
6586.1143
49632.703
6852.5684
3566.1528
71623.195
4613.1836
8119.4907
5861.34
4947.667
4260.7026
2450732.0
1184513.5
2208.4785
5516.4414
7182.714
6698.449
5374.8765
2761.5303
8111.048
6955.244
1438519.6
5695.0166
6808.5176
8140.022
5409.222
3516.5063
5129.7583
5483.0576
5531.7856
9645.316
2324.4814
9252.281
5013.724
4360.8555
6656.8467
4381.729
4130.8735
3816.9102
5141.801
5896.414
11658.936
4953.5156
13063.289
5871.8633
56573.773
16066.388
4756.8857
8627.287
2779.8801
7055.559
3387.1045
5664.483
4359.0396
5600.6675
7794.922
6787.963
227219.88
5788.225
6513.9443
851154.3
5123.2427
4383.9707
5398.493
10285.939
3204.7734
31706.666
6643.056
6102.713
4610.927
5500.8486
4024.5557
4125.4834
5248.161
4917.756
6741.91
6734.4653
5792.1562
4312.502
6187.993
7052.9785
5072.9385
11562.561
265319.0
4983.301
6252.037
13711.778
9571.816
2510.2202
10706.933
5778.5435
5302.8438
8280.113
4649.1367
21388.406
3708.6853
5964.8633
39854.887
7898.17
4821.768
2752.2737
4674.463
128982.57
4215.7363
116277.2
74233.266
6200.97
3804.428
9722.526
5524.0674
4356.384
272073.25
5252.1636
3494.6633
11128.163
7925.3545
86516.75
5317.596
3565.0986
5094.726
13956.763
4051.3376
7193.2886
7563.3867
5037.152
5747.399
5882.803
7099.1523
2061754.5
3570.0793
4562.4404
6383.8687
4796.4473
6278.184
4330.3267
2960.084
9335.212
5324.4805
10964.233
2954.1309
1821762.6
5069.2993
5354.7383
9032.041
4384.066
5692.6855
5876.8
4965.0938
10051.514
10441.9375
14297.299
5185.3906
6415.387
5648.1333
5035.345
2410.7466
8124.9805
5585.774
2508639.2
4866.313
9636.6
6031.9814
5873.8667
5182.931
4314.588
14900.899
11742.33
9970.775
6160.92
22118.932
139166.92
119781.08
3520.049
4711.585
5113.307
6426.297
3580.2944
5067.052
4152.05
102364.74
147121.22
4984.4272
11499.305
8674.832
4920.733
21764.014
3469.5273
6322717.0
4453.248
4142.0054
6134.7925
8120.0986
6446.932
5705.0815
3025.1448
10001.326
3929.978
7866.8345
3771.4316
6991.4336
4624.76
4763.4683
6699.118
2681.051
9105.943
11799.985
25180.598
4506.8496
6675.2866
3638435.2
2454.086
3393.2017
6199.9404
5673.775
5016.27
3420.6326
3744.0178
8689.333
3446.7625
2039.8835
11375.315
19833.83
3800.3306
5060.7373
5410.3867
7944.2656
251583.14
5062.838
3211.0032
3571.5176
4727.772
4993.933
5216.5586
2411.0872
7568.3535
3721.2773
5600.208
2474.922
6095.6733
2206096.0
2671.6787
6440.7676
4189.886
5344.937
14147.346
4244.376
8835.961
192120.25
6668.812
5840.5073
5382.9927
7019.1714
4750.1865
5034.962
8335.854
4846.682
4065.5205
6046.2476
4026.3557
12393.167
14523.777
5901.0503
1061256.4
23406.229
5261.1035
19358.043
6571.8145
2866.7053
204097.7
4578.4233
6889.7603
302157.9
959248.4
4507.5557
7268.7603
4007.487
190771.11
5815.2886
6441.9224
4660.417
7412.96
11710.186
4807.2617
5950.7427
4631.0244
5136.366
5539.4175
5022.5366
9230.738
46353.824
18006.92
75596.0
6974.333
3097.1018
351008.0
5234.042
7391.578
97481.84
2561.18
4295.7583
5169.9346
6169.167
5657.932
4169.702
8039.29
5975.819
5569.2124
3949.1992
5504.7246
4560.148
4794.4287
7175.4473
7354.8345
17633.922
5486.654
3825.291
3774.0085
3460.379
5210.3726
5393.0107
2576.549
4899.6147
4075.5469
134331.94
10831.151
4123.426
4084.6157
4534.596
26091.59
3972.8665
147421.3
5093.354
5199.4404
4271.9536
5185.5986
4629.3325
5138.1875
2524.5935
257394.16
12316.633
109803.18
15115.273
772710.3
6699.609
5634.987
374357.0
9171.079
39786.496
4207.326
12048.787
4605.0464
5726.401
5917.585
4264.862
4488.537
7911.947
4200.8784
5439.4463
364257.34
3848.5205
2724.7922
5457.254
4941.3677
3313.1174
5479.7124
2891.1597
4448.624
1141826.9
7437.907
5912.2646
198790.97
5623.302
5020.541
4319.1045
6558.9785
446158.38
6443.922
5444.9854
3447.339
8399.781
5342.637
6503.3374
5960.583
6398.869
6982.062
5899.624
10954.267
6907.8735
3680.8691
5333.873
5683.2373
2716.3792
7753.749
7175.0737
4470.018
2544.9
4128.6016
4414.802
194056.6
5997.561
4526.898
5364.4546
7183.327
4657.794
5946.6724
3456.8853
2379037.2
708713.9
2469.5593
4454.4033
662602.94
10380.781
1236506.2
17632.447
3960.5928
4060.6487
44488.3
3663.427
4457.3403
8697.26
153096.23
6508.297
12109.693
6584.738
4028.386
25902.186
13071.099
2879.6504
87293.02
4810.9956
4292.721
5013.089
5153.3413
51085.7
5486.712
4063.167
10097.638
3367.3572
3758.7388
5768.5415
5573.2246
129369.31
5844.529
2394.0042
2561.3992
4347.0093
7806.0156
5086.848
9068.344
8844.724
88420.695
12475.382
5281.8003
5067.3174
5339.3477
87686.414
5191.264
6130.481
3988.0303
5305.8394
6084.0405
7345.6865
10764.453
5806.332
265103.94
9660.502
316226.5
11542.847
4763.103
4903.007
3120.0962
5071.9233
5451.5557
4921.0923
4493.084
7041.5317
16679.771
2814.0662
5143.036
7556.867
42176.992
4590.4863
5487.2617
4839.59
4515.396
4163.7275
3889.5
7708.616
9055.673
20026.986
5572.0903
4310.023
5469.5303
2377.5327
5034.121
4318.39
5269.4463
3560870.5
1392046.1
4571.018
8769.304
3107.5974
8053.7715
5880.1875
5174.0796
3948.6362
5343.362
3552.129
4547.492
4645.7495
14280.804
3372.5232
4812.278
222970.08
7052.0127
5781.614
2772.2666
3426.3865
8762.11
6249.8555
4505.8096
5141.406
3497.9353
5508.2104
15297.468
7364.548
62013.145
5582.636
764553.4
3092.7776
4129.47
5522.783
2600.1863
6021.3477
12644.16
4990.17
5218.2593
6835.6763
5496.542
2445.6191
5704.416
6723.381
30552.318
4152.6123
6211.398
8491.356
4923.7534
5043.248
125140.52
4742.9243
7152.7163
4196.365
14397.662
3749.8003
5929.174
4113.9917
367902.84
5234.163
5324.229
9842.946
3998.9993
6346.3916
4863.371
6886.907
4286.955
11657.062
33992.09
8631.113
4623.593
88040.82
9058.104
3541.618
6079.5938
13626.393
4345.859
6548.82
8938.157
5171043.5
216487.05
7427.0693
4911.5107
2541.877
7856.0215
6502.6196
3128.599
6921.619
5338.778
4604.7754
2626.0732
4500.4014
2423.4849
3907.9214
4310.4604
11339.675
3995.2437
7594.5
2931.7087
2361997.0
6012.9443
2174025.8
10813.981
4313.785
3049.1643
4105.48
9295.551
6600.832
5644.293
3958.9197
7988.2847
4414.438
6463.4844
5385.13
3965.5398
4639.519
2370.448
3172.04
5709.0635
2288.68
8959.533
3189.289
2145.8599
6243.754
11814.459
2064.4185
5058.8813
11374.77
5666.4453
5399.3364
7386.4736
4069.495
4726.1226
5197.416
703446.7
5413.5317
22332.963
8837.061
5671.715
2445.749
6274.7446
5418.152
4772.726
5444.394
655877.2
6691.213
318055.7
3003.3804
19529.67
2855217.0
6107.6226
10648.806
5070.7266
5994.7637
3529.153
9976.984
5052.043
96037.89
28899.406
382844.12
248713.28
5500.1533
4942.1616
8636.042
7829.823
11407.272
1068105.6
12007.941
4763.2046
5451.1904
89710.44
12852.186
2362.632
10915.019
10421.609
7039.59
8008.1597
203773.12
4948.9565
5370.2437
5309.504
7778.6704
169513.69
2272.6746
5329.9824
5010.894
5680.2783
16013.661
777793.0
2915.3535
4488.679
71929.055
4108.3955
5298.1978
6747.085
4965.188
5021.8394
2474.0095
16835.977
5951.6787
12449.291
3569.2239
2873353.8
5063.4966
8476.552
5308.4336
3331.3386
6541.0205
3909589.5
104750.4
5522.859
80973.664
3734.906
3626.4639
7640.195
3712.9854
5380.2266
38188.88
4274.2915
7748.2256
18068.936
6447.5166
3460.2043
4589.927
14504.615
5504.29
5615.1875
6056.407
4706.5015
7807.1714
4110.674
5030.565
5968.909
4822.939
6423.0366
7957.475
3892.0793
3218890.0
78971.94
5967.3247
4247.6274
4526.909
5878.445
5715.9424
3526.6519
5028.1416
9521.211
4104.718
2406.199
74014.5
4562.1025
14394.932
4023.3367
4257.5156
35395.277
6731.742
4909.736
5862.5757
8095.854
5865.2017
4549.965
2342.7979
5242.4053
10283.199
5764.1006
8309.663
220056.3
5308.3125
21272.39
4888.704
30593.541
673264.7
6811.783
6824.06
7291.2056
4738.044
5093.9834
11257.781
6237.073
5180.8604
4202.0596
3875.5
5622.1724
5862.9434
5033.217
10135.102
6220.748
13927.844
4706.4316
8357.696
5015.2627
6423.277
5168.8564
4765.0264
4512.9683
5209.801
12568.284
2271.817
10942.883
3895.7292
11619.634
17725.02
21884.871
5680.4893
4605.2173
6090.823
4558.9185
8649.66
7766.2437
3743.0269
4644.3013
6233.912
7065.892
3467.1611
6273.418
3194.0713
10515.828
4333.8706
6041.406
10089.804
7776.5317
4303.6855
11120.775
4496.8926
6137.354
5679.448
6219161.0
5745.117
5416.41
4702.2314
5293.618
8103.945
6071.9473
10644.577
7918.0195
7126.6855
8013.81
4397.914
2549.7869
5127.1396
8934.894
5890.606
17050.375
5194.353
5618.746
3537.8267
4349.846
6356.9766
3502.2637
6584.485
4836.766
120311.1
3779.5913
11494.295
2676.0798
3876.3513
7133.326
6886.5225
4770.065
7990.579
1993.4799
4109.6426
11210.666
3530.1116
254595.25
12093.554
5581.5527
2626.0037
20917.855
3628997.2
5192.3647
5953.0146
163168.5
5845.196
2344.9702
6983.8906
5293.191
5681.403
131093.45
2302.4915
5920.833
7661.735
6077.923
6450.7983
7976.4414
3412.8093
4495.4976
4310.242
4448.4175
8309.909
6442.5547
5583.5547
3677.8918
6859.452
2623.2703
5640.669
3423.986
6636.166
6379.4795
8081.4014
7323.6963
15574.907
5713.1235
6456.8
7823.193
6443.632
4945.6353
6614.8877
7436.5913
2293.7673
4912.555
2316.6252
5608.2983
57867.56
3396.4856
8010.644
5404.8613
5161.816
5919.2334
5724.2983
6457.6562
4288.533
5430.678
3529.384
4226609.0
93689.664
3413.4978
5304.776
4157.241
11510.715
2698.623
73963.75
2399.1726
4135.3467
10137.062
4562.213
3190.775
4394.6704
37193.293
3016.6807
8095.249
6305.579
252267.23
10106.043
4682.08
10757.493
4638.6543
6580.2197
7930.652
3988.6648
708288.8
4674.3447
7391.412
12987.54
6496.69
5525.374
12325.653
5421.271
5757.021
5422.3916
3901.5386
3376.2822
9293.553
2730.683
5267.898
3333.4714
5332.7153
3393.1167
7954.0527
4113.974
3792.829
5767.708
5231.634
4244.795
5911.659
5062.701
8180.737
7630.1313
3880.6091
7005.8423
6274.1274
7748.1436
3898.763
3233.6873
9545.909
4362.89
4982.1636
2894.3892
5251.036
4348.573
4169.6104
3717.6
6994.429
7258.6787
5507.525
5187.546
6195.1646
5789.1978
132352.97
3912.1504
2680.801
2998.8865
6557.7744
5205.4688
4720.0254
6301.7954
3580.1182
4519.667
4039.7493
5696.8936
3226.6526
6132.9917
4036.2432
25310.748
2740.2847
7514.1626
481710.78
2488.6787
6287.5645
6581.3027
5923.92
3701.3818
3735.866
4030.7131
4947.9805
2909.3796
3643.677
9895.855
8960.496
5707.44
234967.9
6995.5605
5464.49
7710.2134
7167.1685
11060.408
13855.657
3147.372
26405.62
7818.527
7227.8086
6638.7183
2608.0664
4324.089
207026.86
3831.9238
2224.5913
7918.85
5076.909
810959.75
5925.492
740262.56
8246.523
4353.7686
5506.7256
5024.5493
4850.8716
378064.94
26852.041
12945.959
5950.7183
2193.5332
83580.45
5350.125
2581.2693
6411.4795
4968.321
148969.89
5309.654
48187.934
9864.98
14658.539
7656.3706
5440.8105
7020.378
7253.9863
5319.035
3778.58
9046.283
1499688.2
5603.402
449352.47
4651.6704
14734.564
5053.076
12687.115
8341.106
4179.2446
4980.5703
3591.3208
2604.572
5282.717
289368.62
2546.6377
4932.0703
416891.22
5654.6562
5261.772
3744.2642
57875.16
1654990.6
7718.939
5137.581
6527.749
8958.25
5390.24
4555.522
7485.446
7205.5347
2280.183
8946.191
11851.352
3816.8657
5219.386
6020.5796
6546.998
3318.995
6272.1855
199543.3
5699.643
2538.5518
3732.7224
4130.1265
69545.73
6390.6855
5849.8306
6352.045
4976.268
4982.972
5715.1177
32276.23
3903.6255
4986.7466
5630.1855
5459.902
4811.169
4016.2378
481614.6
25513.928
4249.8794
16659.244
4878.986
977725.9
5375.1494
5910.4546
7471.985
5334.4814
6108.9575
489202.2
3545.6738
4228.55
3731687.8
56868.02
6437.888
6425.1216
6236.817
2548.5322
7111.11
5588.2695
96962.98
3774.7876
4923.8213
286054.56
5376.3364
6379.12
9732.467
5897.8774
6570.7466
10428.814
4688.5044
10384.36
5777.3916
529496.2
9012.363
4905.4434
6977.43
5358257.0
4835.2607
3943.2134
2742.2646
484999.72
4673.5405
8757.522
5715.6245
5114.536
5608.914
5017.5225
4704.8784
5202.708
2322.0166
4638.5825
3142.1204
5222.3374
9841.263
5711.4346
2669.914
6118.1963
5521.452
7233.5205
4803.3057
11421.252
5427.293
4517.907
6008.7563
5946.784
2227.823
4293.6685
5364.311
3521.7266
5177.6235
405639.1
5641.3623
4621.2505
5389.7705
34251.07
20500.812
5251.935
6706.973
3287.1636
4407.677
158236.5
6482.76
4381.4395
2565.639
14498.201
4143.674
221842.56
3840.4434
4835.832
4928.433
8987.787
5691.867
10790.682
8449.867
52890.812
6295.338
5669.268
6505.5874
3272.8572
6112.1475
5380.7114
4873.0273
4240.7544
2583.7297
4393.808
5236.4355
177591.22
4259.789
4736.599
8709.918
4835.8594
4588.7334
701416.0
6653.045
4443.3
58176.13
7232.5903
2041638.5
2919.802
8722.351
2534.3186
4260.1885
8086.2017
7573.0874
6732.0303
4837.39
135431.05
6222.575
4241.5034
6818.1284
4078.472
4504.3994
6504.052
5419.7974
21103.549
6237.0903
3873.7808
3226.1035
7027.94
121429.68
5209.1025
199791.9
10623.823
2639.3188
4961.2554
5225.13
25619.59
4827.333
5267.5986
3440.423
3014.4277
2568.0247
7873.086
4036.9585
6437.975
8269.107
25714.338
5405.4907
3335.058
5184.2837
5653.826
7307.278
8518.859
11633.516
5401.222
9203.89
7436.627
1857276.0
4195.949
2146.6785
7710.2744
6057.9805
12354.09
7872.425
6946.2246
9974.04
2735.9158
206297.97
204701.98
4497.0337
3954.3132
216392.33
5617.752
4072.5269
5983.3086
3877.5996
11469.177
7744.721
3479.3018
3811.0771
