42
45
46
93
94
151
158
173
189
202
232
243
267
291
389
396
449
523
550
559
563
570
579
585
591
604
617
636
659
735
739
805
813
821
849
852
884
905
931
963
973
975
980
990
1071
1078
1159
1168
1175
1186
1243
1248
1275
1295
1304
1375
1395
1528
1596
1603
1609
1612
1620
1649
1671
1686
1688
1705
1803
1824
1852
1885
1887
1890
1927
1963
2022
2045
2053
2086
2141
2193
2202
2219
2222
2232
2257
2284
2297
2377
2460
2469
2508
2513
2553
2563
2590
2605
2618
2625
2648
2653
2657
2660
2663
2683
2687
2769
2825
2837
2855
2896
2939
2942
2973
2980
3015
3049
3062
3145
3266
3282
3299
3305
3319
3381
3425
3435
3442
3443
3478
3514
3515
3525
3550
3566
3641
3718
3747
3782
3791
3818
3858
3955
3995
4004
4028
4049
4050
4058
4086
4094
4146
