42
45
46
93
94
151
158
173
189
202
232
243
267
291
389
396
449
523
550
559
563
570
579
585
591
604
617
636
659
735
739
805
813
821
849
852
884
905
931
963
973
975
980
990
1071
1078
1159
1168
1175
1186
1243
1248
1275
1295
1304
1375
1395
1528
1596
1603
1609
1612
1620
1649
1671
1686
1688
1705
1803
1824
1852
1885
1887
1890
1927
1963
2022
2045
2053
2086
2141
2193
2202
2219
2222
2232
2257
2284
2297
2377
2460
2469
2508
2513
2553
2563
2590
2605
2618
2625
2648
2653
2657
2660
2663
2683
2687
2769
2825
2837
2855
2896
2939
2942
2973
2980
3015
3049
3062
3145
3266
3282
3299
3305
3319
3381
3425
3435
3442
3443
3478
3514
3515
3525
3550
3566
3641
3718
3747
3782
3791
3818
3858
3955
3995
4004
4028
4049
4050
4058
4086
4094
4146
4172
4198
4214
4224
4308
4312
4322
4351
4359
4361
4368
4369
4381
4428
4460
4497
4537
4568
4616
4625
4657
4684
4725
4755
4864
4885
4896
4955
4987
5164
5187
5190
5205
5221
5229
5246
5261
5291
5314
5315
5325
5340
5355
5356
5396
5412
5479
5491
5495
5509
5539
5587
5598
5624
5627
5695
5764
5775
5792
5807
5810
5816
5834
5858
5882
5888
5896
5897
5899
5953
5963
6017
6032
6051
6089
6113
6267
6271
6288
6289
6337
6366
6410
6443
6460
6504
6511
6604
6616
6650
6663
6672
6678
6698
6706
6733
6761
6771
6829
6837
6857
6863
6889
6897
6909
6919
6935
