9664.44
7517.451
5309.8047
24914.568
6040.2617
4247.574
6970.982
7614.9126
9426.193
3566.8455
5012.925
13600.893
12072.533
8206.413
12700.605
8900.216
15403.833
9753.523
3534.4233
2981.5771
9902.188
6782.3687
5903.768
18926.85
12650.012
5095.147
3707.6226
6908.58
10553.618
9775.691
3965.7021
12499.211
2815.6099
2682.7886
5697.8433
4851.3154
8671.409
5388.5234
32483.33
3642.3154
11941.579
6051.427
11346.424
3214.9612
6827.7573
13513.604
78061.0
10883.587
4302.359
10017.73
13926.035
5653.848
6702.085
3008.779
7107.9863
9128.42
5326.377
5120.2407
10866.339
25701.955
10975.013
3275.7666
48081.633
5357.8154
5981.9756
4915.444
14325.393
459773.16
14427.32
4938.2275
3863.8032
13842.72
4562.39
27568.352
4719.397
12763.741
12430.905
19034.756
7293.0884
4034.0059
7196.343
5870.6016
10585.716
5431.4023
13692.992
14312.389
3968.3755
6316.1504
2741.2087
2497.5537
15150.0625
7512.3916
7402.9297
6750.385
9265.6045
19966.598
4606.2305
6046.1196
18627.541
19960.252
12262.091
4627.4165
4508.9087
6331.4204
10776.179
32820.188
3467.27
6535.6685
11709.465
10060.831
8870.9375
6711.8457
2664.2463
5435.473
6512.8115
7156.979
11772.507
4301.1255
2573.2864
5730.4556
3021.6401
2429.9165
3814.047
30922.975
8693.537
7280.347
9486.577
25077.088
13471.123
4903.335
4064.0183
4678.101
18410.707
10584.664
29620.496
23120.072
23735.19
6448.913
5307.396
4391.981
23601.863
8599.02
3950.613
4270.1943
4313.776
7500.4917
11725.342
10179.243
4284.247
7068.6753
8883.028
20111.54
2963.8877
14215.636
18602.084
4140.6694
7983.4805
10281.92
10142.223
19117.56
18074.047
4629.832
7677.5776
3701.98
7253.166
6728.617
3849.9954
4831.0474
11910.681
6772.893
4240.8296
9222.737
221693.34
20990.875
4166.496
12093.645
3015.3542
4057.4456
11793.621
21967.758
4636.6133
4962.6333
6393.041
18491.459
5808.9287
13651.923
4886.9897
3516.3096
4663.8164
43685.383
9627.765
4683.8477
2294.3208
2754.8872
2426.0828
7859.104
9497.037
28171.703
8810.262
4592.878
3661.601
17321.602
11819.91
4112.835
12162.2295
9526.083
102667.84
8290.756
4407.525
6846.5146
65922.43
4602.5776
7713.832
30144.09
6302.2397
3681.2756
7280.076
17824.34
5288.4707
22158.158
5657.25
6271.8813
6508.343
7976.6177
3286.9678
17243.957
11139.49
4047.812
8932.558
8222.668
11914.275
16014.607
13009.455
791261.5
13128.291
13845.06
6607.804
9651.613
8838.24
6578.9917
4059.4434
6814.9355
2586.5469
11987.783
9640.886
6145.0503
4784.9766
991817.3
9381.23
13337.377
13605.904
5257.0586
9579.053
8105.0425
7097.662
27212.488
6007.054
30051.578
4736.0737
6825.5366
6652.4785
17104.592
10907.135
13911.123
7162.63
6763.83
685093.3
28481.873
20856.396
8132.3003
8800.557
8950.613
11891.216
2880.1423
10073.589
13675.998
14379.102
17497.541
6517.921
8895.91
9421.125
6023.577
13949.167
2500.368
22317.594
7945.3066
17897.354
10278.947
30669.318
11052.829
43043.234
57923.098
8683.105
15416.371
4824.274
13382.301
6772.8887
20065.121
8438.891
13538.523
9335.833
8214.957
6434.3423
4143.162
3907815.2
3561.5874
10541.813
4983.6436
12736.126
2656.5469
4282.2803
44325.332
8366.441
4583.469
18937.467
4073.1465
5630.558
55478.777
13385.959
20668.537
3089.9058
4726.2866
3584.9465
3310.8345
2314.481
2930.1384
5052.836
5181.2134
5182.3594
4308.213
4410.4263
4817.425
5948.237
9725.106
5516.0825
6312.5527
9269.811
3772.3384
6455.289
7872.431
2270359.8
2446.5278
3278.4456
6762.826
8716.901
13413.104
12219.771
7064.378
12279.183
4627.3115
15347.338
3723.7424
9511.651
502519.97
7854.772
4701.8447
6884.3184
4024.2822
7807.696
4359.2417
8439.169
9515.54
7210.511
7379.5684
12784.016
9022.182
2280.9265
9134.287
10197.131
4057.3296
11646.055
7750.844
9965.497
6418.4907
16479.834
3759.3376
972361.0
7623.146
14222.596
4869.0615
9415.271
15420.793
6509.874
5242.582
7235.1006
4010.4705
9417.944
9594.256
3950.9976
34379.945
5358.4517
6890.427
7445.723
6501.701
2466.1887
4228.2075
49476.066
3964.4907
10606.323
9389.998
2701.1604
9091.655
2912.2576
12307.981
6783.488
16332.354
16621.682
23923.303
3678.1406
34512.145
5771.1187
4223.4087
31511.191
3965.4019
5949.438
6392.6772
5521.114
6401.588
6195.534
12575.115
7643.2705
3640.1978
18123.557
2718.2134
3148.4766
4446.9756
11020.128
53771.965
4350.8325
10004.272
4386.716
25140.418
20079.242
3516.3667
13490.783
43283.73
7878.0747
23085.605
4263.235
4178.266
6438.7227
13671.727
8961.57
8792.6
21598.11
53592.34
10043.271
17577.621
6292.6426
44317.324
9218.554
2434.1304
9570.928
7148.528
4623.151
10264.633
4299.3604
2884319.0
4159.479
5693.213
11859.563
2415.4368
6626.169
3114.398
8123.983
4678.6997
6299.155
6181.5933
12729.353
6194.671
18514.55
6826.5903
2556.653
6381.5483
2741.5493
8428.713
5783.5356
2834.2227
3418.579
6493.0786
4460.7754
6928.552
4305.781
4609.4795
6952.918
42535.41
6870.251
8346.092
26180.164
4374.949
77201.945
4707.9624
130278.19
2375.9653
7158.704
4793.6714
8728.756
2095.421
12198.703
3817.222
8032.6255
13579.582
3304.975
16556.258
8362.72
8132.0034
16937.55
7206.6235
11273.338
8951.8
7448.8184
3939.0793
6358.3804
5848.7764
7602.4766
4873.9517
7214.9556
5264.923
15722.732
7375.457
25197.357
32495.65
20778.953
27719.332
8616.104
10848.02
20486.164
2494.855
8011.275
8494.337
4513.895
968221.0
5371.0557
15795.078
21743.117
4976.2275
6357.722
17253.225
12298.09
12206.002
6171.737
12952.141
7195.927
8908.421
9731.002
112470.81
9942.588
3061.4316
12647.576
12415.223
31331.004
10123.963
4500.2397
7084.0576
7515.9473
11060.178
9988.874
4362.811
7561.1123
132848.14
5103.5405
5838.88
4599.6465
13354.378
5052.922
5753.2534
12988.047
2299.4963
4378.07
89063.59
29946.889
11001.217
6439.451
23437.146
5274.428
4146.4966
7832.3643
6917.4585
12867.703
1041006.5
16573.525
5624.865
5896.4536
4636.611
6313.0864
2091350.9
3977.7427
4915.1504
9121.627
2838.6658
4987.0767
15233.884
7789.9385
6306.0264
2900792.8
5396.365
21409.223
11022.286
11214.971
8854.004
11060.082
9387.162
2957.458
3629.066
154902.72
81781.625
15172.41
10845.133
4592.823
39209.797
15016.578
4339.309
3426.0483
5097.5605
5552.588
8317.118
4171.198
24414.607
29200.102
13571.267
2325.0305
8850.843
9091.093
4058.2104
6549.728
5519.8145
2848.8474
9819.285
10684.635
4667.454
5050.8745
3674.4326
11178.428
4193.15
2550.9165
4042.961
8684.26
7216.7837
5027.224
5058.711
10392.968
9821.492
248183.48
11297.677
3853.6199
10288.198
4316.301
16524.566
9641.977
8302.037
6079.203
2695.6106
10111.268
14119.991
13029.996
2383284.8
4950.6367
5087.771
11131.465
374152.28
14225.068
4874.276
4823.2163
3293.5847
5837.271
10271.396
16727.951
2305351.0
7928.1367
33747.87
6392.319
5617.436
2819.747
4291.8945
11777.345
6800.14
5323.7666
8008.0366
7114.1094
4364.5356
9271.178
5277.0547
7079.547
14745.082
18984.16
10860.148
9480.357
2473.7312
759964.6
4873.7627
4466.918
4269.2524
8343.387
7376.426
9693.355
8765.999
6707.306
2531.2546
13372.26
7163.3496
16105.848
4126.7637
2674321.5
2981.618
26254.11
4294.1357
5580.938
11599.131
6031.3223
9178.488
6673.394
8403.385
8998.026
47413.35
4729.123
9762.216
5316.509
17480.406
13580.818
3898.6653
8617.99
3539.6003
4806.636
34384.824
7310.0513
3598.8203
7809.492
2690.2546
11979.891
4422.171
3390.0562
8115.0107
2957.8948
12650.717
8656.999
1520118.4
15744.691
19928.309
7799.189
867025.7
33969.21
6020.5186
9643.642
5347.007
8026.277
40633.152
3605.8657
5662.7036
10490.461
6644.8125
21931.992
14890.074
10020.323
8686.733
19915.918
6816.759
5713.181
5826.8896
7679.397
13273.295
3999.7932
6962.138
8288.429
5742.5947
4799.9683
8629.19
14643.734
9341.309
24196.504
13138.472
7496.9526
6933.9463
3660.7793
8563.005
4603.0586
2385.957
147893.4
11738.126
30205.635
18816.264
13000.299
9538.796
305606.12
4270.9785
4563.134
7871.6016
7778.9336
2898.6326
4279.2573
11966.02
5949.798
13427.421
8482.246
9150.575
6856.7227
8461.181
3261.2388
5060.5054
14611.601
8319.033
6523.4463
5069.302
11761.643
39967.824
5075031.0
8028.0
6157.2114
8570.988
6729.381
6733.3267
17442.957
12909.854
6508.6187
11931.036
14194.877
5806.019
4412.2397
11218.788
12016.657
4815.8896
3838.678
9478.82
16016.018
4318.584
42303.21
14194.654
9828.327
7426.0996
2816.649
4502.4214
13311.273
4246.2466
7106.6987
15128.484
7430.4067
5541.2275
13065.456
4185.218
2960.1677
3893.641
13538.07
14961.17
14818.115
8110.1816
7968.991
11212.544
3736.6943
27110.305
16115.868
891035.2
6091.0596
871942.5
32658.84
2735.578
5364.764
7789.2876
854807.9
3955.5845
10641.391
12534.002
6630.4814
10292.909
7056.5024
9029.162
6500.368
46526.688
4369.659
4320.457
4754.2847
9200.498
36637.91
5050.184
2400.7368
9569.595
3780.2847
9799.2295
11004.061
8557.409
6406.1943
5064.5776
6761.6084
31715.281
9527.24
10399.475
13926.16
8890.26
9229.306
7711.2124
4017.1155
4778.7036
3769.9014
3574.9878
12757.004
3832.0728
7401.5547
4177.758
4162.4688
10156.465
3896.0774
13823.822
2933.4482
41355.36
8235.988
9595.689
8539.825
23676.988
20075.07
41054.92
5854.244
5906.892
9037.005
6317.3613
14211.059
9134.887
4029.6377
10276.557
9340.046
4410.8955
20070.537
19052.414
6674.9224
4656.2188
6868.3145
4798.84
4229.5464
10237.337
21450.156
4842.7705
11263.813
9503.41
15561.539
528183.3
4206.393
17204.502
3451.148
8500.883
9220.294
8839.721
6861.7266
4421.21
18097.5
10695.585
3958.0
9361.982
10160.166
11683.166
2384.1362
92179.8
8267.844
143599.72
31278.928
4808.333
7435.2666
8178.413
32256.219
38272.008
18632.867
9323.442
10493.985
10813.335
12501.383
10658.005
6512.3013
1889484.9
8746.354
9375.859
5059.291
14366.328
2593.1914
6543.8794
2549.5388
3733.6113
4829.697
47315.312
8172.0757
15302.99
7705.2725
10230.91
51795.703
12182.456
21214.926
7640.17
5133.4355
8792.577
4822.503
2152.3835
8471.947
12212.116
2772.1772
5234.618
50263.71
8135.6104
9680.719
4748.212
5733.44
8731.484
5741.676
6783.3467
6614.6665
8002.184
4626.2935
39177.07
5707.9224
6545.0186
9982.137
5213.2197
10829.973
10634.232
10236.936
5103.1655
8039.0967
2491.6782
2136459.5
7298.7544
4707.0728
492455.12
10007.884
11969.559
15174.883
52230.133
4727.954
15504.459
7890.176
6552.993
10322.445
4129.096
8656.634
5088.548
10054.222
2917.5508
6962.0386
5139.6255
4792.292
10463.6875
11053.913
4342.419
9891.522
9829.294
5744.3794
5412.9526
22434.275
4383.033
11016.27
6164.449
8208.164
10480.208
4212.244
10772.305
15786.87
3393.319
24641.184
8258.522
6108.4565
14766.922
7375.093
4701.902
4556.2974
7929.352
8008.7505
9574.271
2330.2878
6549.953
7572.5547
5767.4077
8505.667
8378.769
4683.667
18733.1
13031.0625
4185.877
6399.714
9307.078
20032.68
8275.557
11182.808
3096.6382
5827.0557
5108.4707
251285.5
9498.241
13045.359
7822.2197
12714.539
1451791.8
3450.6548
7171.002
9173.853
15578.904
12330.211
10317.235
4218.7383
7850.095
8002.6436
27407.832
5627.952
13040.34
6009.5137
4916.992
20208.514
3723.1802
6697.5957
15186.653
7622.6523
37057.516
3487.7705
4144.343
5889.0425
4263.8877
2897.9258
7010.5615
6807.9756
4528.34
5766.391
5874.5874
8417.428
1048891.0
4553.2524
13197.818
9389.001
5330.643
4449.1006
11165.714
4541.7324
3728.5786
8950.657
10542.917
10673.074
15432.932
4844.1978
3432.7625
17480.773
18127.969
12069.133
7063.6104
8689.873
6369.498
6278.915
31269.588
4170.219
18491.684
30616.443
1979.9633
5865.8716
26224.303
6181.7017
9574.5625
12864.64
5683.2715
8273.097
10303.191
3149.9238
2437.8975
2047.7838
9024.6045
7035.9175
6692.7417
6270.456
20378.63
3429.48
10305.916
18431.242
39507.14
9719.386
6938.7764
23199.508
6634.1094
6100.1675
6684.129
5201.8325
14052.619
6117.8574
4606.8833
6674.591
355685.28
4911.2554
21962.049
21014.7
4657.3447
6108.1465
3541.0942
13326.54
4666.5356
6448.6865
3513.1497
6776.654
72753.734
53197.484
3184.1453
96544.336
72376.63
8938.749
4412.001
4324.2026
2677.545
2638.5508
18954.158
4153.949
8512.127
4702.4927
3523.9277
6291.872
12405.537
5378.213
15311.422
8986.218
8651.46
11215.3
4638.2524
12400.292
9735.918
328588.06
3713.404
1531335.6
21595.648
18585.426
8514.558
12974.79
9569.076
2366.2327
7272.7046
11842.133
4484.806
2644.1997
6076.5303
67078.83
17508.941
6117.9854
6152.1665
6084.2266
5009.5264
8797.078
6031.4023
2258.8452
16041.576
28019.742
6049.801
5079.237
19381.148
11859.711
122715.516
4821.823
6302.9854
5042.814
18461.502
11421.188
7529.883
9203.86
11781.864
24873.117
15696.037
29771.219
2724.6655
7381.4014
1086196.9
8131.7656
23584.309
3917.9927
5949.911
13669.598
2328.1147
8403.403
9375.734
9319.26
3598.2253
7597.8877
181311.06
25816.59
10490.879
6889.018
6112.6426
10876.394
3107.351
10084.831
4559.04
10413.792
3238.3367
41142.54
22832.984
19255.709
1041142.3
4776.0728
9465.474
13649.325
16302.579
4885.9697
11519.056
3376.214
12186.574
11918.053
9226.237
10069.529
71321.03
12320.117
5869.6953
7001.052
8324.859
460993.03
7084.417
12864.139
4398.8906
3795.4531
3862.0798
6892.923
13327.761
14858.208
11856.876
6322.3506
2925.014
22604.23
6191.548
5086.7188
39851.227
9343.48
6729.9536
3901.8357
10677.355
4568.1475
7252.6396
3056.411
3539.9236
5976.698
9558.274
15568.251
14992.162
12076.205
11000.642
2782.3794
9944.43
13998.672
6692.8643
4251.7188
2509.3157
6504.458
3988.3748
5240.322
2434.275
13268.668
10397.911
6502.4077
6441.6436
8656.236
2351.1826
33100.484
12864.538
5932.4873
7234.08
11871.196
6314.186
10852.001
12694.538
58939.71
16184.437
5597.0
11036.527
4495.375
4301.6113
14537.078
6144.474
5516.6147
5189.9985
815699.44
8215.857
15367.517
7037.4575
4846.3623
6828.273
5493.677
6794.874
7199.0674
6979.1465
9910.48
2826.7695
4075.9788
10375.783
8963.417
11116.33
3668.221
5046.841
14989.126
9752.785
7756.6934
4337.514
5178.3813
8547.201
6289.6846
9565.906
4710.804
2678.8315
8065.923
10237.201
6894.351
13418.208
4546.949
4138.7866
14899.553
8854.32
21259.094
7615.235
11067.414
8756.556
4390.8447
180239.58
6197.178
15309.649
9874.05
9061.126
14843.506
11391.497
2865937.0
117874.27
9530.215
6696.8564
9418.941
3312.5593
7917.165
4719.3896
2283.9116
3692.043
2264094.8
25558.625
11365.962
4354.567
6373.3228
8809.202
5652.7085
2197.11
7023.022
7155.556
3807.4214
3682.892
3199.999
8201.617
6905.522
5662.6475
11739.373
4210.961
9009.216
8155.8438
3424.355
4821.9766
7234.0967
9652.128
18455.275
6667.9365
8357.477
7226.3184
11353.601
10177.99
13212.365
6740.22
12847.221
53220.9
5729.9116
3128.1978
11313.437
649599.44
4117.528
20142.074
5472.0483
9984.416
5550.4805
38291.68
38815.844
137166.11
5746.2603
8072.4795
6547.0586
7968.742
11523.482
2230.9468
6067.4795
25351.967
4159.185
16401.846
6696.229
10818.715
4508.9126
7167.2295
6540.767
4380.676
359969.47
34769.824
11482.867
22101.797
2204.8286
4942.3413
11220.082
174407.78
2387174.0
3813.174
12492.738
19702.621
5938.5757
7970.7227
22154.09
5776.4727
3626.0693
3129.1946
6723.342
8234.931
3912.8147
11939.449
13049.3545
6249.272
3845.5935
16756.691
4277.333
146943.66
7181.903
5143.7197
4586.091
7753.204
8769.257
2885.6646
7730.7935
8657.451
8938.794
4344.7026
5410.427
94400.445
5991.3306
7266.2188
9947.89
5949.4854
6499.9556
4465.093
8900.505
5207.0005
8636.408
57906.81
7592.6943
8191.3643
8877.908
21307.77
3339.0496
192027.52
4252.391
31484.848
4613.586
7400.147
2057.1924
3164.1067
14069.105
10104.193
6652.1055
5859.723
3763.5735
18267.148
6105.0615
9949.276
14503.42
3635.9287
6279.1914
13212.409
14822.713
7364.459
39881.734
10204.367
6450.3555
3910.6946
5944.789
19547.615
6976.3613
6269.71
3072.8523
4009.6182
15403.224
3887.91
552065.5
8810.238
5560.4697
4431.567
17728.797
4615.602
8443.265
4553.4863
7380.618
6460.17
7546.843
29837.318
17906.781
5611.1533
30419.643
6764.077
12867.998
8651.386
6828.1826
16023.986
8074.876
10023.2
4701.117
56351.84
6185.186
373960.56
4438.7734
10822.105
5947.718
8621.326
4463.993
2772.9788
8025.9893
10414.535
2292.951
21994.434
11830.878
9748.716
8033.108
144986.55
8766.095
15740.168
4888.4624
998856.1
23520.908
12658.428
158440.95
8520.428
3622.484
4858.7817
9891.739
28429.16
17735.268
37223.91
8587.467
5083.624
2836.4893
7310.351
9490.198
11977.236
8634.836
3806.333
8801.709
7824.331
7967.56
6835.7114
5256.2812
6196.9424
6802.8535
4391.159
6795.9507
10387.304
1831926.1
11338.383
2467.5576
6776.68
5700.328
12213.896
72624.03
2539.059
5959.185
21959.75
10361.594
23318.684
10085.335
2318.2205
10248.124
6564.703
16316.881
10643.377
9007.439
6768.508
17934.865
5028.9326
6297.924
14858.229
4882.5225
5477.0547
22902.627
3536.4849
5647.4507
8428.793
9545.033
19182.707
9938.45
9559.359
5667.2686
6085.373
15186.163
11900.6875
5399.1313
88904.336
4902.0176
8144.8135
4409.551
9007.507
6403.7324
5720.955
4446.531
2590.9224
10941.656
4026.144
4011.1252
4697.4253
11104.845
4485.798
5120.972
14355.451
13765.533
10274.53
5626.549
7565.572
118299.83
7451.071
6403.3735
8681.733
6368.371
39950.453
14300.975
6628.8413
10238.962
11442.813
19543.182
9126.09
6718.5664
6517.0815
5519.6704
6615.866
3228.2356
4652.4336
11695.156
35143.453
13492.6
9544.881
5166.577
7381.854
4552.7217
2581.6877
8335.756
4476.2285
322793.94
2964.3936
5891.153
10155.557
9535.2705
2864.5693
594612.25
5889.245
7536.0425
3777.463
3784.8926
17575.605
3836.0938
18988.309
9341.84
2931.5593
4310.4336
8691.083
10712.035
9545.143
3470.17
6134.359
5621.099
12335.518
9463.58
4260.09
3940.0098
6907.9067
4213.4277
4329.491
97813.94
15717.043
6899.088
1848199.9
10844.451
2748.4116
6614.5645
9123.496
7585.102
9810.228
15854.455
3774.5083
6068.102
5809.7075
3464.8142
28103.34
2353.684
4497.6216
7696.092
10282.78
7544.3877
5523.5093
10032.341
11378.149
6694.7915
6389.517
7200.823
5170.4185
3897.0754
8555.9795
5155.957
6477.2236
76751.8
6596.5356
3883.6821
4439.1357
2695.63
7114.313
6988.1533
5741.562
3307.0984
7848.891
5094.0996
10293.928
12426.565
11715.363
2249.091
10064.424
7909.1533
4694.754
44343.973
13123.447
6403.4785
23324.705
12381.946
6834.324
11471.829
4855.603
17043.355
18420.094
39439.37
4320.244
12416.97
4048.881
11494.15
10441.695
23297.492
4006.9966
8537.821
10210.861
7295.8467
51936.043
6507.4004
7138.74
5798.1963
7823.1577
13275.146
6996.1655
7439.5117
4824.0137
12951.352
104209.086
10292.259
2412.209
7589.7324
4541.301
2593.414
3514.3914
6704.1323
7079.9062
2843.295
3683.4805
14483.723
4128.05
960484.5
5792.07
6195.798
13054.178
4037.6099
9397.0
24489.707
5132.6733
9445.053
3791.399
5567.3916
11538.996
9613.945
5838.6816
9358.964
35621.54
3663.291
10103.473
4966.596
6630.9976
4893.972
2356.2495
7714.2827
10627.242
5842.477
9427.141
5818.507
17802.623
5863.196
7853.282
6192.469
2979.2207
9837.696
11768.77
5917.478
9851.654
5210.95
128584.72
1353534.8
18112.104
96546.29
4341.5723
3513.1396
74711.734
58810.79
7452.1
2418.8894
7899.954
5529.2007
4273.304
8287.387
4481.3267
5072.245
50288.1
5640.6787
9433.568
2616.6016
8771.4795
8730.296
7461.722
5923.3105
3964.064
4453.6094
9182.678
10887.609
4167.2695
9190.892
4634.168
11305.535
18287.781
6629.116
9221.918
19601.156
4517.715
9418.364
583272.75
33445.5
6934.1294
12244.907
7799.103
4583.088
8549.886
6119.503
4318.261
5854.453
1520743.0
7950.576
2488.8896
4149.543
9841.842
11960.768
9739.139
2354.9077
5826.5127
11131.439
6392.118
5845.165
2837.9146
15261.099
11790.108
4959.1626
4287.9766
4341.766
8963.613
825894.1
7103.1514
4911.944
12452.445
5686.9946
52527.53
3905.4797
4396.5244
7291.311
8230.804
4159.075
4616.237
6642.7656
6063.454
5084.712
7727.081
12184.372
4415.4136
6512.2666
6626.9287
6031.029
3852.1658
6640.351
44743.184
5632.8154
7520.7275
18160.592
8716.748
9776.608
10449.336
15970.06
12139.156
13439.857
12517.701
6918.9
9423.297
2314.3179
5742.2095
6720.901
4166.1455
6682.4326
8332.749
4870.4424
7468.6064
4544.704
11818.25
9258.277
15177.826
21616.004
10955.439
18302.0
6961.304
8293.322
7635.3784
9286.451
64144.57
11989.345
8849.0
8993.642
7898.291
9602.71
8854.936
12621.251
16254.478
18093.52
4980.408
12909.512
8881.42
31564.361
10711.879
13989.64
8952.939
2853.2927
6995.57
5707.3457
14390.383
6382.2466
161462.62
7374.0107
31136.396
164250.77
12344.3
7989.961
4793.857
9548.601
30864.0
8940.126
6020.5786
3235.7148
17970.79
4831.5605
5003.0864
6901.976
4976.417
6222.176
33271.984
18281.033
16580.264
4869.406
8293.483
5455.966
131588.48
10753.098
5908.099
5269.3267
8463.82
17636.066
11259.619
20172.76
10155.408
6903.693
10089.71
10198.716
6610.047
4512.1426
4827.0547
30110.766
12831.81
2399.8745
12679.145
3994.4326
4741.049
11346.403
9963.746
18521.475
276375.84
16332.678
12378.887
1836446.6
6766.8433
8545.88
8631.561
7045.1626
36345.69
5973.8535
5819.871
30120.07
7973.166
9668.924
5417.9424
6168.153
5193.5674
6782.4214
7255.4795
17724.58
17837.346
10862.227
6383.842
3999.4136
8796.786
13269.796
18193.412
7570.786
10601.143
7933.0054
10374.467
6966.127
5130.243
18074.92
4304.5054
3768.7258
28157.72
6849.48
3567.3708
10355.551
13895.017
16596.123
48136.023
5116.368
2517.6636
5095.2793
13850.763
5424.2915
6737.9937
5784.787
5876.172
4321.915
4417.97
18994.121
3916.5693
8562.763
7022.4336
11986.512
2681.118
17823.258
11749.608
7919.071
4658.857
6237.1753
6344.71
2463.979
6617.4404
8360.737
2557.3074
3889.5088
6769.846
8762.784
3579.5552
21030.982
2445.4614
5047.6353
12210.881
4095.2588
5308.5386
9930.4
13535.877
9850.301
13707.701
8629.311
11773.654
209726.5
4893.0083
4102.5913
3314.2124
10213.691
2184.9326
11809.426
3245.1438
3775.959
3334.3745
9962.648
5185.202
2808.7346
6448.3125
6464.2837
4563.075
8197.012
14695.444
8715.33
7464.095
5534.8477
18866.34
6906.1973
75183.75
5113.05
10385.261
6683.395
12736.674
4554.459
10775.078
10243.693
4520.39
6152.0522
7160.284
13079.919
6940.3877
24201.117
10429.173
2281767.5
9553.893
5084.0923
9219.582
6111.4053
13615.792
10262.898
6417.9385
6604.04
6640.8765
7482.1875
16779.223
6536.7764
6407.7793
4447.2847
12215.949
8212.037
7341.186
27331.734
8558.909
2641.9102
3861.535
25345.13
7466.006
10951.525
3161.8281
14019.532
22527.992
22131.082
8740.843
5066.229
10104.527
8248.241
111453.19
5145.5874
4884.3276
122075.25
12579.579
5243.497
4056.8623
12201.39
6495.603
15232.787
8747.566
9457.242
3891.605
15207.454
3786.9307
3766.3896
4635.3247
79717.836
6099.857
6508.8867
3166.6792
3745.331
5512.983
8134.466
7452.694
40619.03
6169.2144
22548.28
6678.9565
6481.5225
12503.182
5419.3745
7745.833
4276.14
7584.5576
5923.146
6887.752
4796.9824
7766.77
7616.1826
5805.359
6846.2554
6711.4297
14825.867
2123.5205
2482.216
15510.6875
25540.379
14341.047
9383.092
6609.3047
6559.3105
6327.2134
582481.56
14695.399
68331.26
4807.82
14224.501
4315.348
15871.4375
18298.025
6948.5557
23711.547
13417.646
7358.5474
4025.806
7025.5176
8455.893
2203.727
22390.309
12128.408
7841.674
8927.103
8792.777
5578.948
2141.2976
27294.375
9486.476
6905.8364
13074.338
21191.36
4849.633
11411.618
7805.1304
8507.719
4894.127
7498.413
7319.0356
2554.3174
4076.906
8655.03
8551.601
5955.31
10863.951
7070.4897
8793.339
4797.227
4480.645
12259.428
3345.4507
7770.2573
9061.51
6165.8755
5563.298
9473.588
3746.8188
5995.1245
4391.688
9156.236
10246.852
16619.93
6849.789
32275.584
7248.1133
14188.646
2815.499
5267.38
4712.1484
8235.258
4018.645
17741.215
32004.848
8161.464
8207.621
13097.677
5640.255
5058.8584
9788.739
10983.739
4748.246
12894.735
23714.959
9774.783
6349.6963
11638.682
38941.14
6670.4326
8938.949
10979.506
28421.934
13610.468
9587.554
7887.627
16219.46
7254.003
18475.297
58486.78
63903.098
3458.8604
24975.395
11654.014
4677.893
9208.929
4983.2407
6286.4453
12215.594
4997.366
6279.5034
9286.199
14152.1
8057.9507
6097.1577
14941.115
3437.2373
3589.5664
4873.4736
20337.158
4727.921
2150854.2
5611.6924
41750.406
2506.782
4212.2705
14424.421
20414.955
13746.882
6702.1807
18743.18
10893.431
6808.6855
15039.866
3911.4595
14977.582
8552.428
10160.858
5733.595
7545.6416
7476.8384
9309.3125
3129.4214
6798.2437
3955.1948
3984.7566
159294.81
2446.8955
8508.557
8200.769
3609.8208
3567.5896
4143.743
4599.6357
2803.0486
5681.687
12210.708
2074.1284
3024.1672
3313.2473
9788.314
2808.6675
7371.453
8902.227
3877.9092
2646.872
2979.7803
8119.5845
3883.603
5160.0215
5038.8916
2382.4072
16834.445
5981.102
2776.4504
11426.807
21423.637
3005.408
13990.994
9452.699
8563.323
8568.514
4989.0044
4262.811
4745.861
44736.34
3998.688
6563.5146
6814.679
4717.925
5606.788
32731.594
3980.925
23821.785
9153.366
4296.7915
17429.836
14846.051
32699.488
11589.511
6082.5254
10288.98
4491.9062
7495.8037
6241.594
10718.585
8268.815
12537.184
16381.81
37741.55
20763.838
6584.631
4591.274
14047.876
6018.4043
2251.419
5388.5566
5772.8804
8419.252
8127.963
11587.681
2881.0188
7191.738
6163.8203
14263.332
5922.795
47671.406
14489.909
10484.337
40150.363
15303.474
6115.6323
5054.059
4671.5444
5041.5303
6506.517
57082.78
4133.943
2417.837
10641.0625
5538.549
2660.0303
7426.915
5956.4346
7970.9985
8529.2295
11375.902
5473.0674
4795.94
3387.8386
3268.4236
4284.824
8624.839
9593.5205
6421.427
5827.6045
17028.492
5922.0
10281.287
3347.027
18576.54
8594.492
2722.477
5088.3633
15762.545
3474699.8
10022.843
4993.3716
2825.7007
14736.568
9619.825
3300.1587
16478.36
4780.2188
17293.31
16516.72
38654.46
16236.24
4078.1797
16419.61
5069.9365
15887.782
6250.641
8605.415
16619.867
3746.9543
20818.299
6904.676
2239593.8
4884.9106
3922.98
9823.719
2646.5818
7244.7686
4897.028
1563021.6
14384.252
6100.07
11424.464
8286.288
7093.8
5568.3438
10995.922
8373.086
6657.466
11362.554
6539.2393
7915.8823
9794.901
4123.247
3772.9536
6044.5073
35642.797
5230.1934
3995.7778
84193.52
7542.2554
5594.9478
8953.142
4213.446
10502.842
11149.781
4714.649
8054.4116
19858.586
661520.7
9168.637
10083.13
29773.322
44909.71
5508.75
17079.889
3615.918
4126.615
7566.5
8254.98
13730.993
9460.267
5100.722
15314.726
44829.344
243563.61
30543.21
6185.9434
2882.755
9915.931
2672.017
5061.085
9624.123
3814.947
4531.7607
9901.917
10527.545
8293.826
9166.192
6921.3657
7187.1665
10881.667
21755.576
1384096.1
5390.624
12824.838
19383.518
4326.495
3015.6567
31588.791
4297.08
9350.832
6066.2534
13107.848
8157.421
1047303.75
5658.0195
4175.1743
3886.5925
3763.9639
325130.84
3122.6353
7828.939
8916.593
1186994.2
6118.9976
2494.1555
4121.16
9792.523
10970.679
4549.321
4393.595
8478.813
6747.0347
3183.2654
99902.805
4687.585
8287.625
2506.7236
4962.6685
10167.096
7429.1123
2437.7754
11439.023
12525.725
9593.787
5757.6836
17791.709
21834.479
6202.785
5011.7227
4432.4536
5361.5728
10927.795
8247.312
7469.1777
18759.191
65643.36
560888.75
11725.115
10536.8545
3743.8962
3742.1958
5533.5635
73674.19
3905.6948
6008.807
6128.8193
44426.965
8205.806
10318.109
3358.326
4225.8877
7225.105
3976.9617
7161.0674
5705.492
2489.7114
7197.266
3902.5913
11942.149
6870.542
2768.1267
6457.9033
4573.686
9229.227
3360.5605
4570.507
6242.96
6082.2217
5929.2197
2275.407
5694.1455
494427.7
30581.793
12528.473
4441.714
17432.494
12346.995
531667.5
20127.852
8139.8604
9926.428
39336.91
22016.938
10985.212
7729.3813
20560.047
9462.204
8990.469
5628.2617
5863.2627
2914.1453
8963.598
3337.665
4357.841
3994.0603
7287.55
4147.365
7136.0312
6242.666
18577.693
6389.98
2174.121
3539.229
1384934.9
7452.3706
4351.0356
11896.172
11753.488
15116.361
14925.646
10723.348
4394.785
3529.36
24044.982
4609.284
7323.498
46010.74
5379.598
8528.044
1415501.4
679695.9
6213.3306
7228.8145
16586.055
12115.533
8577.921
5572.844
9067.369
15509.857
7556.6465
3309.455
2362.9229
5602.707
3599.479
20308.482
2564.5073
3766.8545
10400.62
5070.704
6958.026
4018.0054
5273.5654
9958.811
4286.5713
15160.836
4056.761
15225.772
6502.1987
3817.2065
15919.919
4605.973
2741.07
21629.727
9368.787
2403.233
6106.8755
11995.601
6704.1885
4539.833
6345.933
3430.0767
7095.2285
5681.4053
9341.594
4882.5146
12242.202
8213.062
4843.662
1245120.0
3484.1128
11494.204
4008.4902
6212.872
2501.487
10138.453
26503.146
6948.839
3949.6904
6138.6094
3464.027
4770.6533
2590550.0
4692.2046
10460.776
10639.94
137254.64
11039.792
4533.982
3443.2947
3839.2769
619606.4
458180.06
2495.5007
3988.565
5585.8853
4878.523
5867.5923
8913.305
10940.491
9128.867
9598.662
7123.5
10284.383
24112.918
190468.42
16923.006
910143.2
7731.957
7225.9844
5919.261
8618.798
7675.189
1432650.6
11020.74
5153.945
6659.675
4810.544
8252.227
6795.433
9420.848
5968.8647
5909.0474
6784.3154
7306.6016
9071.398
13281.533
20383.44
13608.355
2306.4707
12964.602
9174.13
7591.683
9169.072
67896.234
1681588.5
7059.1406
12520.942
12648.117
6351.7793
3131.2495
7421.3916
4815.1494
4707.5366
13611.59
3915.7532
3617.2786
4953.5073
8053.4736
10455.52
43196.598
3893.5852
8163.9
22816.152
162578.78
9360.192
9910.945
8655.55
5576.6113
7023.4795
6503.406
7037.4116
4475.393
9183.3
6347.644
16160.261
7650.2563
5114.321
4912.9717
10633.807
12486.083
9313.808
8868.317
4811.205
5713.815
5647.9985
5389.9097
8766.472
16643.336
4446.9746
9130.229
84394.3
4571.39
22895.654
6397.602
76453.586
4869.127
5470.5254
4934.798
8619.008
5550.1816
4268.355
9214.274
12174.287
3905.9756
4755.6753
9327.463
5591.7954
29293.592
10479.206
10184.381
5517.3135
4054.632
10433.041
12570.957
9198.247
10263.581
6138.796
4552.1094
7753.1313
4810.31
9587.347
13627.427
2989.9048
5678.494
5845.1826
6719.9897
9462.109
16573.54
163021.12
2013.7954
6082.079
10255.564
10044.279
6526.3325
3525.2642
4944.816
2115.1064
11263.848
9065.132
17253.582
155185.7
8996.965
4792.7417
6450.5547
8770.235
8119.236
6665.207
8122.4893
7196.533
6362.342
13188.659
2369.7488
6966.452
195230.66
2467.7146
1269320.2
5685.752
12791.767
8876.487
9324.1045
9622.799
53755.324
6965.0986
21571.312
9527.818
5957.3755
8405.252
2907.729
4257.015
9963.631
5646.3774
5293.744
3969.213
8517.6045
5668.3223
4024.903
12473.037
3945.6736
2548.0356
5188.866
18256.107
4516.1606
12612.735
2559.6675
9011.911
5832.51
5839.2686
12257.092
5346.4585
3709.0986
31679.176
2202.8716
7165.007
4643.995
31735.738
13875.084
14493.737
328943.56
34483.047
4881.9624
6018.166
8125.0947
12842.072
12532.787
5164.7773
8229.937
6122.4253
6353.5054
14350.104
5792.222
12037.8
348780.38
8800.914
14103.879
5497.128
18565.502
2308.1636
5288.8857
11174.766
2938604.2
4825.0044
26511.443
13392.783
9108.111
13830.258
9592.281
10225.979
1159512.8
9822.227
11406.317
3867.918
216779.56
10945.441
5295.1387
11586.496
5086.5195
9086.723
9689.696
8369.035
8204.373
2243.0347
8454.868
10235.653
35048.176
8051.5215
7906.32
4206.8945
50851.27
5765.272
3295.5972
2155.3308
69473.65
2387.8508
4457.737
12795.377
2321.641
5591.185
18510.902
2524.0063
13932.66
8613.012
5246.81
6349.788
4425.891
5458.3643
2907.3088
12331.186
14798.863
12951.259
9598.173
13423.484
37123.887
10603.659
9287.019
4059.2231
3753.698
11491.438
3532.4875
3744.117
3815.597
4862.96
17762.805
6349.2637
6468.924
13230.679
24004.242
22534.887
2740.387
11877.649
11125.323
6267.3887
334892.7
10687.799
20455.455
5075.5244
2767.3025
7813.777
8882.125
4303.8
10242.182
6290.0693
13941.853
7096.466
7543.245
5600.4688
9341.156
7767.443
5022.098
7779.833
58922.5
5296.1333
4552.7383
8266.254
2866.707
106746.75
9122.281
15051.096
56634.375
11753.352
7879.2046
41059.605
9516.594
3185.235
8049.8335
13675.903
5504.4575
3927.532
15205.129
7324.1055
4346.798
6105.3193
8928.383
7408.8584
2527.209
7852.9326
4212.197
11873.385
13879.033
4746.8936
4963.3413
2161.9226
6576.7915
12760.352
33565.523
2726.7427
5074.79
4534.539
4001.1814
6834.3467
4388.099
4980.2
12125.964
4293.1675
7039.0874
3673.538
10215.797
10628.831
7557.802
9002.387
2373.364
10814.472
13830.993
4731.4946
9050.359
12779.245
4685.7104
5294.7393
3952.4312
3716.4712
4164.9966
4716.0674
5100.7227
8556.518
8191.798
5684.8184
4902.239
7752.3413
4171.717
4815.38
16032.635
11336.398
91085.734
10628.387
7629.5103
6305.648
4721.7627
8661.395
10832.22
10902.779
14831.714
8171.721
5354.1904
9719.493
3508.527
19401.074
4352.173
14171.798
11705.17
8133.172
9756.399
10040.776
330893.1
8134.236
5173.5527
15596.982
10086.499
8713.928
13062.102
9028.509
40426.86
20178.418
12497.525
14939.726
7225.0986
34609.83
37728.043
7103.6436
4664.77
6173.09
4965.7373
22011.309
10364.45
4352.178
8376.303
12360.956
4975.1187
41671.73
13060.004
8768.199
6705.72
4611.3486
8354.126
8001.334
3762.043
6737.5664
2215.6882
11526.064
12282.093
10232.253
1066791.2
3336.5557
12091.023
88266.33
7651.7515
4857.0806
6531.6562
4271.5117
24696.049
4409.634
6914.833
12724.838
3538.3936
8554.014
34754.062
4692.1357
9567.412
8568.277
2564.603
4524.1177
4886.072
17442.818
3191.5864
12738.061
23626.4
14101.339
4493.918
7101.5547
50880.895
3044.4988
9746.753
58514.984
5994.294
3827.6482
3802.8472
4342.9517
4410.517
5165.8413
9201.54
5818.5786
6270.833
4915.5083
3983.6235
30570.04
2972.9175
5389.799
2802.5684
4095.2695
23999.965
7488.8647
4297.3574
1758831.0
2705.8936
4959.2446
8798.438
15912.862
9442.019
7286.4575
3149.458
2659.2126
12258.9795
2560.0144
3816.1926
10545.394
10703.395
8456.685
39807.957
6752.3096
9592.524
5989.1553
2719.7607
8825.852
14016.306
12142.584
6162.6777
6777.992
5903.157
3823.797
23556.748
5021.085
14321.434
28778.793
18559.209
3990.8154
15972.027
16460.186
4425.13
6825.147
4387.666
5054.4795
20151.383
7677.241
3867.6782
18838.176
4303.6465
7004.9126
15260.709
8689.473
7440.493
11056.658
9641.072
9645.647
7994.0215
10412.552
4276.4297
11895.251
250165.47
9076.089
8500.053
20059.898
20531.564
8003.2544
5756.587
7628.9023
14229.682
3991.79
8390.341
21723.58
10449.887
4997.852
3424.6523
3540.1714
6916.419
10095.89
7231.2
7244.886
15701.685
6312.7495
9464.481
3264.2585
8047.6807
22545.752
2477.1216
5126.5664
47778.71
4613.3936
5061.868
10800.022
16579.51
11461.674
10200.643
11513.954
4847.7812
7691.219
128749.51
5522.5566
8064.58
5748.159
3412.6233
4548.434
5267.95
10474.25
315548.22
4377.2275
6828.1943
3762.4385
3250.3508
14115.579
11840.115
11037.557
13383.283
5901.295
14598.385
5362.4287
22325.062
17061.254
5345.8833
194855.62
3682.2788
14336.647
17309.914
6176.196
37629.402
4463.133
2362.7024
19207.252
2280.1382
15589.893
14593.207
18895.098
20658.848
8191.4883
11321.224
2688.0005
3138.8628
11178.333
19099.047
12549.623
6061.5034
25236.691
11032.22
9275.65
3657.9111
32803.727
8238.618
23433.16
9449.339
6604.843
8552.899
7528.6646
8154.4385
16982.662
12315.126
5393.416
9015.585
42677.055
4072.1406
1579103.5
12929.902
4305.115
14930.645
4890.8296
9236.582
26901.045
3063550.2
4756.034
4739.6724
5318.607
16438.133
10658.578
2242.765
7143.403
4110.572
63309.28
5195.0356
22209.354
15072.598
2898.103
5040.872
7151.468
2296.0557
4343.8877
4777.6895
3386.2139
9823.064
35116.07
7913.624
85783.734
7325.712
4499.875
1005812.3
1060734.8
24463.486
4714.333
8556.335
4117.432
5474.1123
4456.41
8645.425
3825.7913
11823.887
6153.7754
8381.779
9674.289
5888.5703
13898.768
4686.3506
2525.2615
1430514.4
15555.452
8570.978
3963.1619
2809390.8
2064.1868
36836.23
1162387.6
26459.408
2511.0852
10196.317
7379.7773
8133.4717
9903.045
3641.9075
4821.191
8358.41
31009.215
11667.459
5013.847
252871.03
4134.786
9939.818
13018.088
14681.058
9491.405
58796.78
4769.246
3618.9329
2741.4868
8726.111
9944.225
141394.55
4956.0684
8134.404
14725.266
4419.0874
5476.229
11930.819
7584.289
65874.25
14558.852
3114.4224
3713.4639
8335.162
6323.6714
3018.3442
497120.47
4047.6753
5892.1724
4461.5767
7354.492
3500.875
3979.3318
11528.125
5777.039
9358.229
47039.46
18913.123
6326.4126
5742.9766
11935.695
4692.652
11373.816
6712.8286
8411.659
10244.074
13582.965
17884.512
128745.27
12215.287
1436854.8
6074.4023
7753.331
3965.3594
3610.3696
3599.955
4757.738
2497.8289
9272.438
8314.148
5563.604
35517.812
14753.074
13743.567
9226.548
3718.0217
6840.75
3179.5144
31026.229
9129.359
49974.402
4174.365
6114.997
5108.109
10834.959
4332.2856
45008.992
8814.038
2587458.5
8974.246
17190.074
7110.9204
9920.307
8682.39
5922.078
4942.482
2052.5374
5860.499
23768.55
13782.427
5768.09
4578.7266
4150.7983
9715.463
4606.3105
127730.27
3867.0347
4581.0596
7008.4917
6772.3594
6275.719
35953.812
4457.1836
9011.017
4555.5166
17291.562
6271.9995
6283.045
23975.336
8036.295
7195.0645
9705.276
5339.475
4699.4883
9777.404
4488.412
10355.396
4405.524
9076.861
10877.556
8198.979
40590.254
6191.923
8288.487
6079.9844
2563.2637
8897.981
12052.749
4708.096
10946.217
4092.9531
6454.53
16300.832
9157.899
7267.075
6915.495
5429.869
7954.642
5357.325
7347.5015
9257.82
5176.932
4747.5405
4096.742
4455.512
8752.936
6367.3003
21700.842
3224.4136
7174.8086
7698.751
4543.589
15455.434
3201.5059
14527.998
8227.83
25109.06
5752.6304
10313.393
4057.0576
3986.5305
13021.812
11055.592
5161.119
5718.0527
4632.535
19852.844
4605.8867
2195.2793
10070.692
17963.508
8990.259
4673.2627
4766.625
3242.0698
8937.741
5853.8877
951425.0
7428.8584
7751.7905
6872.594
4797.7676
33160.31
9438.824
10243.8545
6798.26
10436.846
10612.855
18057.238
6763.2734
10746.347
20434.908
2538.3462
12661.018
5453.733
9866.252
6086.9
9991.909
16837.604
174834.56
9182.337
3076.1626
2580.0464
7504.701
9411.151
4522.585
5889.4697
4377.836
13939.587
4484.9336
6070.788
15215.866
8625.041
8123.8564
6821.893
9979.24
12455.045
4879.233
11659.256
4733.807
2410.383
6173.4043
9495.428
10383.61
480386.97
11521.746
4527.9395
9078.072
11515.178
15519.795
4239.8354
13378.111
7950.2876
4275.233
4811.413
2534.2776
19236.055
2879.7812
2402.842
6707.071
12608.208
204132.92
11062.401
5024.689
6102.543
2457406.2
4562.0312
6854.3296
11818.604
3807.9434
22052.84
7372.9893
3314.0066
22546.643
5529.4146
191460.62
6470.2476
12626.481
5942.5596
6840.9624
27563.617
8517.144
5227.211
9202.296
3837.1733
4235.045
8150.9326
9367.814
11980.613
8843.966
15618.604
16734.691
14798.23
6107.279
2769.5022
6101.436
103058.4
9593.546
5496.2686
4569.267
10545.063
3511.409
8453.053
4698.8057
3508.3403
8325.853
9777.493
11196.555
80967.91
9171.866
9068.262
8359.431
8966.932
19663.443
3339.428
4618.186
3953.1382
8405.919
4632.826
4335.9707
12874.882
3050.5718
11133.756
2830.67
4719.0864
6894.761
17313.314
12813.602
6494.6533
28438.754
11914.71
7533.087
51608.832
3533.4436
5750.6523
4581.2324
4875.3564
7607.574
6397.0117
136893.27
8280.911
6584.585
5721.5723
5648.115
6982.969
4091.426
6035.285
4976.109
4111.609
5396.311
7944.456
21548.924
4606.218
9348.334
6380.792
6888.4863
3992.2944
16447.074
6195.933
7314.362
96049.67
11672.552
4926.246
10778.352
4472.67
5147.6445
5145.122
3732.425
10289.818
45720.33
3385.221
8912.441
56326.4
4235.2764
3754.6167
6874.3525
10743.531
11964.494
2794.5562
4923.894
4928.9365
10846.453
6302.588
6969.409
42165.883
4760.3066
4213.502
9011.836
12110.901
11221.35
19091.111
5981.275
6438.452
18363.305
11028.694
14110.953
6190.719
3776.8125
3858.7952
1029912.7
5448.8013
10645.052
17693.033
5899.9326
4527.993
158110.53
3590.2964
5882.8003
4141.326
9406.819
90418.08
7981.973
11254.549
2546.5332
6699.6777
3613.11
16373.451
10931.359
7036.5625
7552.163
7907.255
5731.385
9671.186
4514.3223
340311.9
201403.11
11497.507
5349.176
7046.044
15888.116
5032.2324
6425.8857
6127.7095
8077.9253
10091.609
4413.8745
3850.0874
13305.895
5398.1875
5908.6416
139992.25
4227.4043
13900.079
9003.328
3121364.5
40095.87
4683.566
11028.789
7702.4937
13497.733
7288.593
4017.6553
6759.6963
11471.525
22941.672
4821.3677
1027107.3
4288.566
9755.3545
5704.723
7443.9756
4122.26
197632.58
4253.0474
6740.993
655930.8
3840.71
17456.621
6331.5635
21070.17
251884.81
10232.634
18061.953
1376480.5
5815.1016
28903.348
5270.301
3820.2214
10551.492
5068.246
2830.1028
11475.058
5040.6997
4535.232
3853.3103
5833.1436
29396.207
5196.7866
4228.4746
5774.4546
5560.702
6401.1787
5219.55
19900.783
3794.8154
4719.4136
12400.394
11164.212
6234.573
7247.8096
18815.354
2849.5527
4937.566
6373.944
7983.4946
7376.532
8208.211
2262.742
16217.842
7573.501
8285.368
5447.436
6133.4014
16185.328
34099.367
6586.9023
7938.6826
2635.8677
2825.712
3347.8245
10670.273
11643.857
7789.3457
15917.604
5369.1875
594730.3
9916.491
7950.376
7685.217
4355.411
4977.508
3784.169
12934.653
12674.321
10743.455
8292.146
28042.922
13150.463
9606.485
20332.914
5095.452
5820.3384
8204.753
7475.846
10869.118
11644.116
7989.4785
6388.7734
4831.531
8937.151
7793.079
5291.7236
5595.693
10229.898
6716.9453
18723.834
7218.0054
8126.049
977102.0
2431306.0
2385.7297
2346.5698
3355.6135
13281.111
7469.823
9164.587
12414.425
5846.5312
9283.688
4091.5554
16969.834
305309.66
11691.686
4489.6787
7430.8804
3893.5684
19123.334
4486.292
5730.8584
7650.1396
4165.142
4657.928
19778.617
142516.47
9421.349
7676.2627
14650.998
2491.0435
11739.932
5554.162
2782.4185
5599.271
4714.5454
16040.335
31110.754
7899.886
32135.502
13304.865
19212.797
5625.929
7358.6455
19617.91
86100.734
6583.0396
9496.441
5925.1113
6190.358
78379.11
5075.798
9697.114
353391.16
6817.18
9036.604
8206.828
79807.61
8080.8105
9983.121
11380.554
9387.386
14469.667
4002.98
5860.39
