6368.7563
7702.121
4765.7607
11363.816
5413.3247
3819.7954
5486.8145
6765.0464
6186.873
2818.727
4936.703
10450.766
8260.517
4906.304
8620.584
7181.8525
6243.2056
6821.0396
3448.3716
2713.3958
6052.29
4136.171
5694.6685
8610.125
6553.3447
5196.3403
3737.3394
7007.088
8370.988
5799.8237
3778.42
6965.9834
2744.9468
2863.9512
5620.3765
4564.9004
6633.7017
4940.322
10969.006
3929.208
9347.811
6142.306
7826.9062
2628.2214
10909.993
8948.681
14574.831
9529.982
3652.4712
7451.4556
6791.203
5117.3315
6825.4775
2750.6946
5684.4854
6697.417
5225.667
3960.4204
5698.426
6375.9775
10593.152
2988.0168
13141.0625
4872.381
5684.932
4584.9443
6497.921
214597.31
7515.8037
4772.1
3514.3323
7192.8174
4070.8452
18177.271
4609.1504
6163.3584
10084.526
9826.115
5672.382
3824.3037
5346.163
5394.276
5251.045
5190.4883
8717.577
8312.69
3838.2488
5578.495
3177.4722
2430.801
7672.935
5794.853
4871.704
6067.667
4157.12
8235.206
3936.0205
5921.191
11057.97
8634.107
7877.273
4464.8096
4431.4375
5599.5054
11356.425
17447.121
3456.8828
10756.505
9210.287
7616.938
7847.114
6033.282
2656.705
3792.348
5824.739
6169.848
5815.562
3873.9304
2618.7441
5248.0757
2920.0957
2313.8684
3838.3164
10376.536
6774.322
6003.5054
5583.5625
9133.807
5589.674
5064.4214
3983.3396
4494.2905
6903.3403
7988.624
11653.242
8656.194
10652.783
6071.5674
4881.8433
4335.0034
9985.967
5958.913
3593.605
3885.477
3833.482
4300.7666
8483.99
5652.912
3906.18
6118.179
14405.569
15750.744
2815.724
13641.682
7816.597
3903.1052
6252.303
10814.894
7493.877
7172.5474
9731.259
4213.826
5833.727
3603.3772
5450.997
5119.645
4246.1743
3230.7642
5598.6895
5212.194
3955.9214
5074.4824
93806.266
13794.699
3976.2297
10348.762
2746.323
3957.383
5258.021
9333.338
4296.145
4314.499
6718.666
11614.661
5396.5894
9144.592
5115.054
3312.2346
3420.4329
42469.176
6225.375
4372.69
2248.2627
2731.5757
2636.8704
6367.275
6098.5483
10755.631
6986.061
4263.456
3539.3716
7215.149
6763.8447
3729.2231
10877.722
6317.9688
42194.492
6141.088
3845.2087
6147.8174
27004.564
4815.6836
6557.2466
15510.869
4603.212
3542.8862
5038.374
7153.6924
5376.506
8651.877
5480.7603
5899.502
6073.2446
4819.1396
3293.7744
6999.7676
6462.1675
3979.5847
6356.063
4633.5073
6457.378
9517.535
9638.838
435576.78
6147.2485
11933.002
6524.5635
9350.577
5986.199
6043.0776
3915.8674
4247.412
2645.98
12519.442
5196.5156
5688.7896
4210.3096
541581.75
7535.1777
7666.829
6541.612
5009.951
7125.5005
4869.446
6757.9893
9334.834
5083.165
9421.619
5340.124
5182.298
6780.7837
8078.205
10096.092
6970.5537
5944.0654
5852.9473
346120.5
15606.531
10303.433
5785.6465
4804.3496
7661.0513
10177.657
2816.0186
8189.9272
15980.13
5888.3184
9375.941
5212.0234
4885.3027
7629.59
5050.026
8065.9805
2428.1372
13612.124
5613.379
6935.1973
9583.836
8809.123
4943.73
17991.195
31346.25
7600.748
5793.5024
4456.2207
7466.9326
6302.6885
9230.355
7566.1274
7035.788
5648.3916
7442.019
5610.78
4015.8398
2697306.5
3461.626
7187.499
4618.745
7722.507
2674.9683
3945.4492
19800.432
7729.526
4498.028
7759.316
4032.9265
5277.659
26051.771
8430.939
8231.735
2887.3018
4352.048
2785.707
2974.1365
2285.4072
2841.0388
4852.3755
5082.0757
4620.1875
4505.5566
4231.0156
4622.5293
5213.5967
8668.863
4688.3994
5000.252
9631.19
3597.3403
7047.994
6467.956
1440892.1
2402.9058
3368.3696
5383.459
6551.624
6097.2607
7646.875
4739.3057
9783.238
4257.0
7369.1406
3706.5571
6564.6895
248748.7
7456.2905
4438.073
5194.5947
3902.5046
5434.1685
4065.986
6457.305
5075.527
5612.782
6543.306
9339.559
6633.199
2279.1382
7157.085
8616.59
2891.1167
6236.8115
6433.9805
7582.523
5733.6387
11353.459
3540.1558
530285.25
12279.831
6905.4634
4435.756
7177.012
6943.6875
6294.4395
4195.5205
6775.1304
3634.884
8543.535
11310.265
3179.6575
38935.258
5189.9062
5188.8047
5892.237
4536.436
2539.5674
3588.636
17824.814
3777.2185
5772.463
6826.39
2709.0305
10404.139
2897.592
6960.9443
5225.5254
8277.197
6385.755
12045.96
3172.4805
11259.49
5993.0845
3986.1624
12119.312
3798.3008
5136.1147
5129.519
4974.4604
5443.925
6234.02
10741.776
5405.7764
3414.35
11049.633
2656.273
3027.404
4162.7783
7417.651
23636.957
4075.7998
6923.1724
4089.3
12465.867
28290.34
3294.3433
9022.648
17573.531
6277.6777
11408.541
3846.0378
4035.322
4224.114
5674.9976
5455.8687
6550.117
8905.664
15062.064
5036.0654
10116.275
6419.0654
19583.545
7297.3184
2386.626
6439.796
4915.847
4139.341
7556.5835
4082.2212
1920490.0
4004.211
5359.098
8514.975
2448.515
4332.652
3173.215
7139.253
4023.7622
5689.2856
5734.4893
7084.9863
6538.277
8449.2295
5882.792
2530.1938
5996.865
2633.7537
8519.906
5666.591
2750.7695
2847.606
5616.204
4398.207
7289.406
3954.757
4648.9395
4304.7812
16028.623
8093.4614
5987.841
8896.228
4192.1646
33431.72
4413.8403
48757.336
2290.9382
7088.005
4282.3477
6395.798
2042.6556
9912.035
3842.6
6209.5186
6837.829
2737.482
6946.3433
4940.9893
6418.288
7671.1313
5867.3433
10224.717
6786.167
6412.7466
3887.6758
6757.468
5303.7856
4278.336
4644.4136
6571.993
4492.376
5948.837
6869.0205
8574.128
10713.423
7858.873
11457.475
7705.819
6108.2695
9481.816
2310.6453
7030.017
5641.4795
4537.6157
531957.25
4864.046
10410.843
17158.652
4456.0723
4458.9683
7530.304
5457.65
7929.9473
5179.5044
7707.133
6758.1396
4486.0107
7521.2563
42214.438
7255.3184
2628.7412
6206.511
5660.0
13292.087
5399.3027
4247.4004
5852.9077
7034.718
8516.974
11939.257
4046.9712
5829.9497
70416.766
4478.851
5399.6753
4761.916
10840.846
5112.8643
5095.8916
6445.4863
2322.3894
4142.4053
31363.809
16189.987
7901.385
5555.2344
14470.516
4836.2676
3804.129
6513.9395
6510.098
9034.184
584791.8
8839.43
5251.5083
5799.437
4350.674
5686.748
7776048.0
3129.2402
4311.844
5555.571
2835.9075
4193.0254
9202.615
5810.574
5399.577
1945238.0
4903.47
7911.764
5046.9663
5414.216
5949.6504
5969.9404
5337.466
2674.8105
3471.1113
59796.06
29913.219
6980.8174
7244.3613
4268.6455
19422.736
6060.53
4116.6846
3168.2563
4969.522
4776.4756
6207.141
4006.5605
39768.53
12460.338
6139.8413
2268.8374
10066.256
5838.4155
3986.7246
6140.1714
6433.489
3081.1948
7635.7466
8301.752
3793.1965
4477.9253
3428.1982
6229.41
3862.8984
2495.3574
3700.4956
6900.5625
4248.8677
5096.704
4308.7085
6391.6553
9933.131
97780.125
9276.27
3656.8745
5709.9346
4166.382
6837.4062
6183.5864
6674.7476
5664.7764
2549.4321
9899.07
6390.1797
6936.987
1542749.4
4617.8984
4637.964
6273.8965
149657.31
6358.6416
4413.1157
4838.6973
3255.4434
6200.3115
6532.168
7469.671
1474936.9
8180.7783
15393.204
4949.477
5435.8193
2762.7793
3990.3467
8352.083
5327.087
6149.6055
5611.3486
6145.074
4042.563
7745.019
5947.1475
6989.153
10594.148
8360.123
7728.5464
5466.549
2663.2915
386477.2
4452.971
4334.1274
3941.205
6901.951
5425.8394
7996.297
5291.8037
6133.618
2388.1511
11550.007
4411.689
9023.799
3894.375
1730746.0
2909.154
9230.358
3886.594
5131.7593
10534.6
5464.3657
8433.28
5422.0586
6301.731
5711.593
19408.916
4410.3115
5843.677
4396.7534
10232.038
8410.383
3853.6853
6252.6133
3375.7285
4456.3755
17576.402
4235.3643
3460.7253
6035.833
2577.0557
8089.1523
4746.5093
3294.0957
5962.4
2838.2837
8489.9
7431.0254
920690.56
7704.4087
6298.6387
7643.767
440102.25
9128.954
5854.1978
7541.006
5559.356
6199.2397
20403.043
3311.045
4908.425
6865.193
5088.5244
11283.208
6992.477
5347.045
7078.3223
8758.856
7489.655
5861.22
5050.246
6939.304
6867.3057
3700.547
8437.184
4735.06
5718.1406
4983.5054
4558.162
9692.314
4936.965
11497.822
6211.963
6401.879
5452.811
3420.6396
5159.8164
4434.2793
2402.1204
61830.42
8560.887
12079.908
6890.418
9401.109
8398.441
148810.03
3951.564
4369.8306
4280.056
6240.5317
2798.4111
4298.6826
8859.059
5652.756
9728.385
6978.532
6336.76
5696.4785
5960.559
3185.4272
4893.1875
6831.1025
6036.3477
5978.1084
4411.295
6150.191
19470.953
3537337.0
6777.323
5276.5747
7216.985
5041.658
4044.407
8319.7295
7380.333
5449.807
5035.899
8276.191
7048.881
4223.079
5321.5522
6049.458
4282.7515
3852.0752
4490.9736
6262.995
4028.6252
10050.839
6504.7734
8797.371
4925.5103
2744.164
4172.608
7872.5854
4092.9316
6289.2134
8714.977
5121.928
5182.3926
8124.8765
4001.3042
2960.931
3543.3027
8867.883
8939.87
11830.738
8291.771
7426.451
7523.287
3125.7563
9112.053
6723.027
474729.8
6093.5474
467210.3
17609.152
2758.1882
4906.281
8269.506
459296.28
3508.8577
5562.999
12175.066
5322.435
8800.356
6428.748
4938.6606
5554.11
17865.602
3718.1401
3837.6936
4576.686
5722.1846
9012.134
4365.2656
2385.3167
6072.505
3754.8696
7613.9805
8254.401
11912.24
6040.577
4311.342
6344.132
14560.473
5431.4062
7416.1885
11793.426
6844.611
8356.953
5791.522
3778.8333
4325.212
3492.1877
3510.727
7945.42
3258.9346
6416.8794
4094.7363
3868.045
7344.9463
3776.2324
7716.799
3235.0627
14990.675
7889.0723
7490.1016
6450.6743
14874.327
8727.146
20410.555
5165.634
5148.027
6865.824
5968.195
5778.617
5834.1045
3747.4675
5798.5205
5277.886
3903.1257
10207.94
10477.758
8041.277
4330.637
5079.7583
4273.357
4096.754
5571.038
7337.5312
4767.306
7537.968
7886.209
6184.661
285535.47
3838.463
8120.8086
3363.6797
7207.277
7968.477
6753.041
5674.8857
4200.1704
7051.2085
8562.62
3812.67
7639.252
7776.165
8326.086
2360.891
36223.418
4893.5215
53687.03
15692.082
4209.367
5762.1396
6928.6064
13013.508
13139.75
8009.754
8044.5527
8725.554
6102.087
5495.773
6957.252
5781.1753
1095443.5
6035.896
5243.117
4793.7974
6675.959
2561.6853
5745.366
2532.9988
3659.1526
4764.0024
54412.1
8294.366
19372.467
4461.217
6276.361
22386.812
11991.247
9236.397
6700.948
4709.7163
6131.9746
4606.9443
2094.3096
6734.744
9990.256
2336.0588
5491.702
34990.477
6056.5605
8765.3
4184.4385
5379.238
5919.8076
5260.74
6415.21
4984.576
6806.4043
4315.1284
13866.363
4691.8164
6364.3623
5893.813
4635.7646
5777.1777
8162.856
7888.6553
5146.4746
5824.827
2554.8662
1374427.6
6583.535
4232.803
338514.0
6506.2495
7277.5645
6687.7593
23014.43
4704.9775
6631.4385
4378.482
5788.913
11919.047
3695.0188
6500.7505
3739.935
5237.7036
2719.2642
6527.3394
4409.1875
4754.502
7101.6143
9290.403
4235.0537
4746.6436
7994.18
5365.2505
4833.8037
7767.667
4266.62
6594.493
7652.3667
8170.2173
6296.2373
4195.7705
8240.09
7031.8076
3317.156
8373.594
6282.654
5330.861
5782.657
5514.006
4135.2515
4105.171
4170.041
6029.4893
6726.0225
2275.053
6384.4966
5514.642
5596.7573
7316.2407
5125.13
4293.21
6936.109
7145.8765
3670.9211
5835.557
5590.8228
6729.107
4881.6646
6041.1226
3525.1829
4976.6797
4562.1294
118562.445
5044.573
10509.958
6438.392
6873.119
860324.9
3342.0544
4444.7324
6159.4795
6468.7593
7605.625
7543.72
4390.5303
6899.2544
4489.5547
11255.699
4548.6387
13040.049
5608.808
5572.949
7770.4585
3440.8992
6169.962
10194.28
6816.023
21612.46
3375.0999
3974.1997
5696.625
4126.9473
2611.0078
5456.4956
10348.481
4743.379
4992.22
5112.0986
7012.328
595422.44
4057.1511
9057.365
8852.731
5206.511
4085.662
5263.8022
4480.9873
3264.853
4742.2246
7837.7534
4991.9814
7183.899
4553.985
3373.2805
10664.43
11698.38
6287.5474
6065.8135
9103.061
5028.89
5162.697
10123.256
4174.5737
9827.605
16099.804
1994.228
5083.1743
9368.272
7645.2627
6085.3237
5407.6484
5445.8384
7745.012
6665.9194
3139.196
2425.1313
2038.4023
6041.1206
6067.7554
5218.807
5992.51
11225.316
3022.6873
5515.3613
11908.932
12312.443
6561.409
4869.6885
12560.372
4836.369
4745.7075
5703.2466
4935.151
5948.157
4896.591
4342.5923
4516.016
164452.47
4788.112
11164.021
10913.032
4230.4385
5257.4653
3403.1206
6393.0645
5404.2725
6106.665
3507.6938
5302.5464
29180.77
39223.74
3108.4263
43175.09
30313.8
7047.012
4039.7727
4089.0928
2480.3184
2648.0366
12272.871
3928.459
7319.119
4526.392
3465.3228
7031.5146
5459.709
5009.095
7805.459
6150.604
7719.4253
8370.425
3639.1855
5827.7095
6891.2256
146526.45
3574.55
928950.0
12346.066
7034.5283
8255.344
8756.369
5659.9395
2453.6125
4431.3105
5832.66
4623.0293
2590.1416
5560.413
26311.955
11073.664
5518.0156
5663.2334
4325.616
4691.068
9257.632
5377.7153
2255.6934
7141.6807
9033.8955
4875.989
4938.2964
7277.8613
9184.6875
23590.928
4603.4927
7183.558
4272.7153
11256.348
11069.088
7725.6655
5859.798
7027.7134
13236.042
8052.4463
9832.1
2671.7063
7145.504
614730.5
5648.479
10281.087
3829.3513
5453.899
8140.1553
2315.5613
7031.1226
12412.885
5449.8237
2696.1511
6553.0674
73208.86
8725.809
6208.7417
6539.1724
5195.349
5676.812
2742.287
7316.952
4775.0415
6862.1367
2515.7798
22665.38
8288.991
7226.202
583444.6
4587.7036
7668.628
5740.41
5834.283
5429.9297
5500.05
3142.6484
6099.6807
6538.676
6561.921
7064.316
44721.355
7321.777
5252.466
6725.5825
7546.25
213109.14
4612.855
5707.3145
3996.7502
3620.8057
3770.0168
5671.528
7608.121
9896.875
5817.6084
5628.2495
2549.9
7901.024
8158.8555
4414.341
13083.075
7531.4165
5470.915
3774.821
11438.163
4341.3794
6247.741
3039.483
3494.266
5619.791
9519.617
6804.6445
9033.626
7232.838
5395.8867
2715.9714
8011.334
8936.483
5250.953
2846.6055
2546.4985
5203.9507
3702.63
4905.5693
2425.731
6494.6875
5218.74
6873.158
5860.9336
7523.7954
2277.5344
14596.786
5579.2354
4451.851
5945.0923
6894.288
5176.482
5314.3364
6520.9756
22790.918
7951.6055
5185.967
6844.523
4385.27
3970.673
6512.2065
5897.8545
5786.015
4477.377
433720.0
8267.576
9362.99
9176.766
5978.3735
8295.402
4606.37
6101.443
6619.731
9708.293
6743.9604
2691.7405
3805.619
8212.098
7268.91
9902.352
2928.471
4597.244
8344.198
5852.5566
5610.7363
3796.8801
5359.9927
7474.7456
5478.954
7702.503
4269.133
2600.883
4871.8774
6275.5444
6704.385
7727.7856
4303.4956
3800.501
14465.872
6882.878
9434.812
5049.465
7039.5015
4689.3555
4212.672
45067.836
5717.745
9781.692
8380.042
8144.672
9209.31
8619.211
1929289.9
45363.137
9033.807
7276.5195
6336.8774
2950.29
5504.181
4623.332
2274.8933
3538.2485
1466490.0
8850.428
6279.5166
4094.1653
6236.1836
6485.868
5344.914
2123.7524
6232.6504
5584.7896
3475.9963
3463.3032
3114.761
5911.9443
4837.369
4769.2227
6216.722
3703.3145
4821.6606
6600.712
3362.9915
4127.0693
6547.468
12807.781
6036.0024
6256.3105
9444.417
6655.381
5715.5933
4542.357
7361.852
5529.9507
6539.579
29336.791
5409.006
3004.2961
8438.52
313156.38
4092.9417
8949.659
5674.653
7901.588
4899.8076
11629.906
17526.3
53527.645
4941.5615
6981.7827
6212.649
4666.6714
5564.5474
2344.6487
6036.724
12547.434
3764.732
5029.495
7327.302
6353.6543
4459.672
6621.7754
6133.079
3870.9387
159990.4
12195.233
9769.641
9225.101
2183.9236
4711.8867
5520.6475
70563.88
1566086.9
3570.1882
9137.962
7320.759
5748.013
5384.702
10712.95
4221.946
3170.7617
2641.7527
5561.393
5459.7036
3715.9153
5475.295
9504.342
4803.1978
3549.3
7171.078
3969.0266
57044.41
6342.9844
6250.6396
4468.725
3893.8516
8850.941
2846.0457
7215.127
7792.349
12053.114
4287.805
4772.041
36090.652
4319.2617
5480.846
6316.176
5431.8867
5429.5596
4143.9414
6057.878
5297.8335
5039.063
22917.059
15980.127
6765.79
5703.8804
10059.275
3224.9639
80989.87
4116.5923
15782.615
4620.0176
6700.742
2011.4756
2950.6672
8394.648
6212.062
6724.638
5034.629
3541.2458
7690.244
5728.3564
7517.8887
12830.156
3543.1006
6222.241
9110.197
5640.1416
6661.816
18447.4
5857.074
5614.947
3830.8418
5677.737
7359.1475
6601.088
5937.001
2985.7737
4079.4927
6815.603
3859.2551
271399.56
8801.374
4912.468
4134.6543
6298.792
4405.553
6105.158
4469.4175
4882.182
5736.1763
8237.67
11486.133
8060.002
5263.381
9422.975
6381.0723
6058.21
7300.2646
6231.6177
8612.924
5661.7754
5097.36
4649.383
15398.235
6486.209
164182.56
4345.898
8693.4
4086.9448
15069.988
3939.317
2694.9937
9383.876
5270.275
2320.4385
12133.566
8966.0
5695.038
6814.221
28193.633
5177.078
10720.76
4408.4307
537087.75
10599.564
7966.9336
63856.645
7977.833
3255.9634
4548.2646
6173.2456
9477.4795
6422.6978
19845.809
6502.389
4696.435
2664.4067
7374.6704
7354.403
7374.5225
6599.189
3566.119
6749.166
6003.7617
4819.727
6168.861
6418.357
6220.746
5584.29
4037.2942
8191.9326
5875.2495
1135600.8
12848.491
2437.3337
6325.6353
5519.4053
8292.658
31476.541
2504.7832
6604.8975
9268.039
8040.007
13017.32
7845.875
2310.505
8950.84
6367.1562
9378.0
6097.2524
7064.245
6066.32
10412.129
4893.4717
4967.3926
7479.958
4556.763
5124.5264
11818.974
3451.5464
5504.3545
5316.05
6676.0605
19590.879
5635.923
8416.71
5354.285
5665.925
7351.0894
6686.5894
4879.5264
39133.484
4607.2783
9418.184
4839.573
5893.831
5307.2295
4976.087
3589.011
2541.899
8252.224
3711.7427
3718.7356
4368.2524
8986.184
4273.4556
4860.131
6125.6396
11997.401
7111.2183
4687.1304
6392.71
34405.23
7356.036
6260.491
8155.164
5522.835
40861.727
6382.167
6538.3345
6852.328
4978.569
8800.4795
7329.082
5704.209
4543.5645
5228.3726
7211.877
2889.1943
4296.0273
7344.503
10790.658
6991.2725
10735.469
4527.8486
6188.92
4217.436
2454.7114
6415.324
4205.8516
144040.78
2960.823
7266.348
9934.111
6012.5444
2453.2847
301315.7
5831.212
9602.007
3510.2395
2926.3462
9707.219
3461.5615
11988.34
8253.241
3062.2751
4162.4277
5152.95
8725.48
5959.6274
3342.2036
5767.993
4685.3716
9523.57
6438.6865
3895.559
3855.155
4980.2256
3588.1292
4257.435
39187.074
5373.3794
5245.3774
1107608.1
7906.372
2748.481
6052.264
6157.441
6078.1035
8206.933
6972.976
3714.9624
5114.56
5616.413
3131.5742
9236.486
2345.7031
4474.483
6766.509
5808.8716
6713.5728
5247.4277
5000.5483
5940.851
6735.864
5744.449
9162.923
4953.6104
3691.829
6592.921
5057.7534
5756.699
33664.395
5634.3755
3449.0093
4343.4766
2680.7454
5062.9507
5732.594
5108.7207
2914.0237
4508.0454
4314.6597
5722.3037
6137.207
8124.7617
2160.0999
7458.5386
5399.647
4229.4785
15977.4795
5991.835
6498.0806
8846.653
5996.9204
6770.1846
7562.8896
4310.434
7115.9087
7100.8994
18468.484
4144.8423
8649.201
3816.4692
8089.922
7260.5845
29190.71
3799.934
5545.318
8072.3135
5974.0884
12319.542
5987.718
7065.737
5925.673
6761.348
12866.401
8061.872
7091.6997
4612.921
8733.16
40405.934
6904.15
2391.4475
6298.9614
3771.9597
2648.9058
2892.5518
5567.6357
6422.186
2727.8945
3418.4731
8902.143
4034.0054
334947.84
6214.759
6486.299
6116.95
3742.0872
5241.195
10446.049
3890.325
7239.3335
3455.5767
5149.7383
6697.7397
7574.0654
4953.142
4727.7427
19060.178
3487.9875
5061.058
4420.397
8915.899
4620.874
2305.4343
4572.0557
6586.461
5800.7993
6978.2354
5771.74
7832.7446
4260.9443
6095.6797
5634.2925
2397.4314
7531.822
5914.025
5152.9556
10664.076
3917.5757
46016.074
818191.4
10875.084
21996.293
4130.7236
2858.6338
29402.158
26327.473
7476.0137
2419.8943
6697.1006
5352.0366
4578.3604
7301.4834
4401.3105
5107.9316
19790.434
4771.9985
6786.322
2739.937
7171.95
5942.571
4504.0493
5402.089
3894.2593
4240.4824
8375.468
5130.611
4002.8884
6732.6533
4287.182
5494.8853
11019.419
5652.202
5741.6426
13339.621
4173.581
6434.4863
334540.7
11699.571
5977.9507
4757.704
6101.166
4620.5586
5794.673
5033.149
3867.5325
5698.0415
917386.4
4354.233
2459.135
3671.3213
8604.646
6721.4736
6985.073
2322.4536
6478.216
7120.1416
5759.8975
3635.666
2810.5537
6794.713
6667.5083
4974.8076
4133.375
4200.492
5973.511
1264510.8
7441.657
4712.1064
5948.3345
5095.587
21654.307
3587.103
3419.1545
4678.725
6678.0874
3752.2463
4246.1514
6561.708
6062.656
5124.005
10283.544
6815.84
3917.1025
5868.9746
6980.019
5364.191
3764.356
5874.217
12406.123
5260.008
6811.4385
8422.396
6265.4814
7487.743
6883.7876
6914.4937
5918.2017
7570.989
5532.96
6526.769
6582.12
2293.8003
5132.8154
8478.959
3925.4053
6546.4766
7004.67
4471.522
6716.4404
4305.089
8202.904
6173.7217
6306.167
7586.9326
8500.281
7498.9067
6947.114
5902.6606
6101.1714
4197.524
26605.512
7200.02
5910.552
6208.0557
5755.505
7422.194
7246.488
6674.56
12036.26
6632.3037
4749.433
10084.645
5724.381
11770.062
6627.302
6075.2524
7398.9985
2463.8088
6058.384
5181.212
6060.9062
6291.177
66755.16
5958.687
11993.096
69574.016
7426.0664
12185.148
4356.206
7306.7793
10927.945
9529.596
4973.577
3006.7715
13226.725
4596.6455
4701.0884
5141.128
4435.9062
5206.361
17257.09
7341.831
13550.641
4472.0264
5229.162
4661.409
50625.945
7736.87
5646.833
5064.756
5467.606
7161.927
6738.1777
7852.9863
8937.748
6740.5703
5678.0117
7337.0967
5651.8115
4342.139
4420.912
10645.616
8251.683
2371.436
7639.114
3891.4978
4767.5596
5990.7397
7387.2856
7798.9023
118683.52
7472.037
7830.325
1129178.8
6147.512
4359.581
7031.295
7501.9053
11843.854
4998.655
5959.422
8738.475
6594.6934
6234.667
4943.509
5980.741
4736.25
5602.822
7364.099
6377.4336
6815.358
8859.733
5884.8696
3536.4014
7718.544
10244.699
7612.784
5443.3467
5548.7446
6109.9424
7054.974
5908.859
4953.1396
6827.5513
4084.9846
3659.6367
10751.099
5632.479
4370.2705
8033.4155
5468.708
6081.1294
17037.898
4881.907
2459.7166
4169.821
9559.172
5329.179
6015.31
4896.7764
4776.397
3990.1694
4116.239
8319.674
3884.783
5577.284
7464.25
9865.094
2698.0566
7511.723
7330.4316
6938.109
4960.0864
5972.315
5249.574
2419.085
5431.771
4157.3555
2490.381
3963.1406
3478.9358
13444.91
3003.21
8239.299
2390.7625
4452.9424
8076.24
3873.603
5319.1064
8399.025
8576.559
8645.984
7077.195
6220.9004
6926.203
90689.625
4602.6636
3907.998
2867.376
5792.0166
2327.381
5257.1143
3215.0635
3729.3987
3286.2356
5309.9883
4567.963
2640.078
6278.6787
5505.2476
4258.9316
4651.1865
5827.2314
8485.165
6721.569
5390.82
7414.3184
6425.123
30125.807
4488.459
9060.172
6716.562
10137.444
4106.792
5739.3896
5322.382
4275.707
6513.7275
5262.6646
6852.8823
7399.9336
16622.861
5479.5425
1474364.6
6544.4062
4790.0044
8217.457
7318.6675
6869.293
6524.789
6804.2627
7535.1504
5897.581
5890.6865
8380.222
5699.978
4985.7383
4226.9565
9185.072
5836.731
7632.449
36546.266
5656.4478
2568.8257
3224.3323
8461.209
5144.473
9672.304
2831.1436
10126.416
9427.688
16868.973
5876.8145
4225.891
8353.273
7261.3354
47297.668
4331.599
4405.2964
18935.012
7309.3047
4947.244
3796.2803
6151.6816
5555.9043
7388.706
6565.442
7540.919
3552.0264
7996.5996
3414.3496
3608.2268
4484.883
29918.557
4593.561
5598.1484
2439.4448
3677.9934
4884.564
4898.552
6262.2744
9720.753
5581.557
8568.632
5787.2246
5875.416
8376.1
5035.751
6489.8926
3913.179
3854.967
5292.4863
6616.4424
4035.8042
6748.9346
6774.846
5177.6577
6098.7896
5248.9453
8063.1196
2113.055
2464.8542
6122.2764
39312.324
6468.524
5939.2944
5333.425
5757.476
8901.196
279187.03
7646.049
11166.741
4008.014
6228.302
4267.829
5659.413
7412.537
7950.918
8367.328
7477.3516
7380.936
3796.3162
4776.098
4885.164
2228.9316
8501.608
7422.0264
7203.621
9102.637
4707.8706
5008.49
2109.4001
9497.375
6188.958
6875.654
6900.5703
9540.771
4303.4966
11110.242
5349.052
6178.999
4390.227
5497.336
4730.76
2551.6746
3946.314
7423.6064
8253.997
5374.3906
4201.1875
6086.427
6405.102
4285.1553
4187.1387
6609.5747
2472.9465
7133.076
7201.736
5347.205
4914.6226
5271.3467
3693.626
4532.996
4295.385
7818.2104
5082.38
9616.654
6252.9653
14507.362
6039.083
8529.833
2812.716
4879.706
4113.4297
6545.1533
4006.6184
10309.596
14072.041
5777.6304
8566.836
6696.217
5048.3403
4811.695
8363.267
5640.558
4617.004
5042.5464
11819.45
8498.771
5202.7363
6406.521
14019.15
5369.707
5364.319
4861.4043
14227.0
7152.453
6946.2896
4760.6787
7438.3867
5694.793
9384.97
22465.648
25468.393
3138.5762
12599.543
5885.9844
4447.853
6650.62
4369.4126
5877.3447
8652.512
4516.764
5725.64
8108.01
11264.785
6622.3335
5647.4365
8557.097
3282.8623
3490.2432
4895.1895
6918.635
4504.584
1365350.5
5616.3545
12490.766
2480.0986
3855.1812
9331.375
13471.032
8452.377
5759.9204
8383.465
6288.3467
7216.422
12502.975
3809.117
6534.3403
6974.1094
5464.854
5960.766
4732.7705
10617.123
4534.955
3036.7236
4709.419
3798.9329
3826.7917
35477.5
2419.9653
8022.6963
9300.41
3428.6562
2487.651
4105.4556
4308.0845
2443.0024
5136.9062
6663.049
2054.2048
2481.2092
3240.2554
8221.067
2771.338
6620.993
6303.3994
3659.811
2487.9578
2750.659
5919.1445
3403.3188
4688.64
4920.0425
2381.2507
10928.826
5818.021
3058.7522
8261.865
15096.91
2935.6172
5774.9614
7364.7837
7817.6157
8259.313
4518.627
3900.5947
4260.3193
29004.92
3649.8396
5255.415
5153.809
4433.2744
5125.232
10864.162
3852.4097
9249.27
6963.675
3839.4685
11170.404
7641.3057
16042.111
5668.9653
5445.8916
7857.869
2939.6438
7044.8774
5309.1113
7614.1387
13238.867
6569.0938
7101.615
12934.103
7949.715
5018.312
4557.2754
8157.296
5360.1294
2241.0876
5693.0947
5946.8203
6464.016
12375.84
10252.039
2859.0732
6414.9414
5567.577
11723.31
5655.276
15795.736
6275.7197
8131.589
13141.416
8272.497
5932.306
4554.2812
4231.581
4968.2886
5578.3174
21560.543
4027.1953
2380.6033
6509.84
5119.8467
2685.157
5932.1064
7167.9966
4255.086
5911.024
9007.287
4794.598
4809.0273
3172.058
3378.805
4064.5542
5079.685
7008.8584
5515.0186
4855.714
10058.849
4829.827
7675.634
3299.8914
8500.074
7085.8145
2326.242
4794.541
6840.1465
2396994.5
6711.578
5318.4443
3143.1235
12657.537
7123.555
3041.363
9826.961
4301.603
7126.803
11204.94
10303.176
7415.4785
4098.042
8099.3926
4976.168
8522.187
5790.206
6882.6396
11788.082
3538.2234
10145.076
5546.0693
1462207.8
4330.5894
3615.439
9763.1045
2643.6812
5002.706
4324.3594
929106.7
7621.915
5834.3535
6593.716
5187.742
4051.1184
5179.2124
7369.55
6778.634
5861.668
6678.713
5998.929
5740.404
6593.553
3734.4988
3467.7053
5439.1636
11734.219
5088.75
3829.1084
36581.152
6289.1816
5422.3286
5512.3613
4049.1646
7203.5254
8435.88
4587.0767
7310.313
18626.684
338001.88
7507.6943
6249.848
13868.91
20421.498
5156.5757
7546.283
3328.541
3972.3887
5305.264
7055.4004
7737.0967
5666.902
4746.0303
6713.5522
9970.551
113131.555
15032.85
5878.7983
2765.2722
7276.6055
2689.5432
4785.8477
6017.8403
3769.8467
4173.453
7207.3516
6444.787
4797.593
7791.1113
7360.55
5331.6235
8617.269
9058.098
799410.2
4623.5283
5464.8594
8747.536
3715.2788
2576.623
10938.046
4000.148
8263.021
5680.5293
12789.272
6426.1143
577766.56
5445.8784
3040.0479
3723.1528
4212.9775
96939.13
2751.8303
6300.0684
6839.994
672737.25
5329.6255
2544.3442
3781.7751
5508.9834
6658.1367
4089.675
3791.24
6401.234
6033.4097
2753.6978
47581.004
5310.1826
5461.8086
2459.6123
4374.753
7229.613
8103.338
2499.4463
10021.311
5556.393
6463.921
5716.0693
6836.4375
8736.486
5017.2407
4769.813
4377.4233
5631.8203
5834.244
5385.1777
7695.371
10869.734
18833.637
266325.75
5408.659
18428.842
3319.7334
3569.312
4644.441
29455.795
3651.499
5100.187
6622.387
20211.057
7989.5293
5694.1865
3158.136
3719.31
5997.6294
3902.2144
8767.921
4727.0093
2426.1113
5203.2285
3595.3416
9701.357
4649.5728
2724.122
5539.674
4005.731
5460.4404
3317.0164
4242.965
9967.243
4655.591
5474.887
2279.6423
5328.0938
239486.23
15060.491
7259.2705
4066.0698
8012.0986
8879.324
249343.38
7594.9043
5087.7305
6873.411
20677.12
8045.428
7119.259
8356.744
8721.944
6917.0356
8753.766
7083.7617
5789.2627
2931.7495
8688.367
3150.8445
4183.6187
3726.1626
4870.909
3852.2847
6337.341
6791.7314
6763.6743
5749.7754
2189.4607
3322.8198
823685.8
6837.459
3964.8765
6654.2227
5425.1475
11326.027
8955.938
14244.113
4675.0107
3433.4604
8787.8125
4198.995
5229.4614
23927.95
5326.6626
7866.693
832562.4
338591.38
6345.9277
7053.621
9417.16
10909.027
8770.869
5528.0225
7485.5547
7892.191
8645.26
3010.564
2360.0737
4606.6787
3325.9888
8182.331
2707.544
3549.042
6198.4897
4343.55
5664.5
3845.9993
5195.2446
6921.6777
3925.8384
9115.344
3842.0632
5883.5273
5492.9985
3698.433
7447.921
4381.187
2676.5925
7232.0884
7732.7446
2372.6897
4999.495
7000.626
6629.6587
4519.5166
5731.4883
3361.3118
5964.4385
4547.0107
6280.4604
4957.4824
5733.419
7467.7817
4734.3955
717007.6
2681.6758
9944.032
3878.5703
6386.658
2460.3787
9084.575
13001.851
6481.469
3748.051
4208.083
2725.6323
4539.285
1709977.6
4505.4795
7391.9014
6460.737
57257.227
7953.7993
3925.1438
3120.6526
3846.8594
315408.38
216184.33
2540.4072
3032.706
5359.2456
4612.104
5290.342
8065.349
7464.0747
7332.8823
5985.4565
6909.661
7818.0977
14003.772
45438.47
6830.378
506904.03
6456.744
5362.799
5276.806
4759.33
4428.537
838736.5
5582.8086
3251.2783
6575.01
4557.2515
6978.037
5533.252
7026.833
6114.7744
6260.3647
5371.635
7265.329
5662.6978
6433.319
9055.697
6526.3223
2280.2192
9479.808
8936.9
5879.7573
7149.0957
29406.1
1046973.94
5712.4375
6025.1704
5760.091
5382.471
3039.8757
4787.835
4529.7114
4495.305
5580.6855
3592.079
3461.2534
4958.874
6550.281
7439.285
19189.588
3835.114
7195.514
10552.443
70403.96
5651.4595
7742.937
7172.2207
5532.447
7892.116
5037.09
6715.0786
4428.2324
4654.1826
5040.46
7213.3174
6417.422
3804.8447
4423.9297
6379.912
10198.291
6672.133
6329.9697
4670.909
5117.6216
4985.67
5182.5425
7598.2
12177.789
4102.0425
6853.002
23777.074
4551.8223
10587.808
5272.82
29761.115
4515.056
4949.517
4631.2534
7248.016
5414.8477
3886.231
7703.5693
6187.459
3779.7349
4564.4346
8757.319
5435.3154
8282.071
5479.838
9114.27
5304.262
3856.3926
7139.165
6418.1035
5743.973
8237.729
5480.668
4967.675
7347.1973
4755.943
7403.6504
15243.596
2590.9966
5229.193
4705.589
5260.901
4727.4287
7793.888
135995.25
2003.1152
5757.3306
6466.5923
8056.6045
5191.7
3474.849
4156.983
2053.27
8569.671
6524.164
6534.3633
58082.637
6694.0366
5148.965
6500.6904
5775.7007
7180.199
7597.0293
6443.1113
6407.9956
5631.8647
8196.575
2364.3335
4104.833
81789.36
2438.03
734814.94
5331.7275
8750.318
6524.9653
6965.516
8392.007
22713.969
5952.9824
14637.579
8677.285
5388.5054
6150.2705
2909.4102
3933.3792
6244.22
4718.3047
4407.12
3722.993
8419.246
5018.501
3954.248
7549.51
3699.6248
2537.5496
4916.5405
6235.4062
5069.8853
10060.491
2581.923
7198.5557
5291.7754
5517.1133
6913.8213
5678.373
3424.5764
9808.269
2169.7737
5051.944
3893.527
16269.455
5870.7305
10324.6875
143699.4
17355.49
4655.5806
5530.262
8109.074
8417.362
16934.227
4649.3853
5139.0293
4848.126
6202.5464
6213.819
5207.5815
8255.854
149024.23
5482.396
6497.076
4777.202
8371.13
2282.6382
5466.72
5431.5835
1964196.9
4415.4893
15170.047
7536.797
8838.784
6488.2114
6662.378
7472.7993
685968.8
4774.248
7959.2275
3654.5461
89199.555
8345.849
5213.8174
5218.842
5756.299
6370.708
4605.934
8239.742
7196.652
2227.6895
7023.454
6475.069
15319.513
6398.7812
5760.138
4173.494
25916.354
5421.1284
3155.9731
2245.6653
28095.66
2275.6633
4203.5747
5238.214
2277.316
4774.0444
7966.864
2508.2268
6782.935
5616.0977
4728.5947
8344.198
4380.5
4251.8164
2885.3447
6912.7104
7040.9844
9979.602
5582.283
7477.2373
16908.256
6579.1675
6579.509
3345.5112
3583.9731
5225.7896
3224.2424
3927.3591
3710.591
4278.6035
10640.057
7221.3433
5625.4062
8604.318
7689.7075
13143.117
2654.8538
8712.363
7903.4766
5302.087
148379.14
15490.041
8666.9795
3149.814
2741.8115
7112.383
4757.688
3915.2334
5316.268
5277.995
7177.6855
9578.91
6249.837
4422.0605
7503.6016
6245.8145
4264.4062
6777.987
30963.4
4659.2993
4242.1953
9354.008
2740.9348
39681.113
7502.918
6238.6377
38151.13
8541.994
6293.453
24432.514
7061.2363
3045.148
4426.235
6203.3755
5328.687
3065.5447
6366.509
6449.062
2842.0986
5426.7197
5247.908
5181.435
2482.5732
9157.418
4105.369
6570.38
7408.8457
4303.566
4541.0605
2187.5625
6766.464
7303.463
12429.336
2655.8225
4486.4688
4296.13
3909.7969
5174.3057
3852.3362
5184.703
5255.62
4223.8926
5983.0596
3495.668
7861.1724
8809.288
6754.759
8993.874
2322.2666
5054.8984
8309.89
4529.7944
7831.33
9412.302
4824.042
5147.652
3779.9502
3367.946
4071.0044
3855.6255
4541.318
7008.7754
8511.402
5094.36
5066.11
4564.552
4103.4326
4451.7227
6606.047
5142.047
38454.15
5664.0635
7163.4946
5820.8105
4573.9517
7835.9272
7765.516
7559.165
5727.008
4512.417
4584.9624
5486.951
3334.4607
7987.813
4435.3384
7041.97
6217.6543
9716.044
7287.5034
7827.074
147167.98
6162.5444
4151.0684
9518.198
8244.221
5795.622
8780.713
5058.7256
10377.738
10497.428
8601.909
8424.007
7139.05
14890.503
16403.572
6766.046
4678.765
6018.06
4455.3438
11936.584
6936.111
3947.5957
6934.959
5434.1143
4637.4272
15414.811
7040.448
6014.5923
5256.9517
4517.4526
5325.8564
4247.278
3690.6558
4774.4487
2272.26
8298.906
8659.998
5856.8013
608459.56
3283.1572
5993.6724
37036.113
9488.514
4478.298
6482.8833
4006.3975
10197.875
3961.4893
5534.0205
9235.93
3507.3835
7772.286
27367.492
4189.8936
6270.196
6809.4805
2464.2883
3913.553
4484.9126
7920.642
3088.0225
6238.3687
11141.575
6992.067
4357.03
7514.8994
48242.06
3724.5083
5370.421
26103.678
4967.9043
2935.0916
2929.9214
4122.906
4160.2485
4432.9883
5119.301
5563.3145
5533.98
4292.341
3875.7456
10743.316
2938.0676
5582.1406
2869.9739
3969.2617
13831.066
5063.5356
3989.6968
1089030.6
2703.747
4192.1104
6094.0645
6539.297
7750.678
6150.6914
3112.053
2598.728
5781.5513
2575.858
3629.9897
8221.523
5674.9346
6158.266
13153.188
6265.1465
6260.4663
5573.725
2769.421
4907.327
8826.79
8003.126
5603.2866
4925.8374
5451.703
3228.6812
10843.09
4432.705
6383.5186
11679.906
9866.953
3629.5107
6117.83
10935.15
3968.0137
5114.573
4004.349
5374.4785
7598.916
6295.5996
3697.5437
11224.117
4219.833
6471.245
9250.064
9338.877
8108.0083
8614.59
5353.1567
6673.254
5932.0635
8014.361
4049.6465
5467.2383
247000.72
4808.4697
9258.829
7984.3906
6780.5176
6624.7197
7612.3423
7781.1562
7072.931
3860.3813
7510.103
10150.732
7822.335
4494.774
3238.5352
3327.9377
6298.9326
7201.6646
7132.998
7110.1323
6411.3613
5927.454
7348.2754
3159.0842
5634.4937
11327.396
2443.2664
4730.6562
45267.18
4520.934
5551.55
7709.7812
7589.757
6291.7725
7312.5864
6714.317
4079.1514
5868.92
68791.19
5229.3145
7341.111
5591.1436
3400.1118
4164.062
4844.7627
7861.093
96226.81
4168.0425
6395.936
3658.295
3099.2336
7248.222
10644.785
6240.8745
11352.94
5677.295
14048.688
4785.4253
11753.617
11886.542
4951.724
48921.46
3368.7793
10169.199
6004.62
5610.919
13980.725
4296.9136
2333.1223
12492.484
2244.5273
5671.486
15358.865
8701.208
6033.5684
13818.548
7212.057
2659.004
3000.1658
6104.658
9229.744
14541.75
4838.3013
9623.024
5739.6553
5555.0483
3135.38
17651.014
5790.45
8818.073
4446.4316
8141.6006
5689.3213
7739.723
5029.2905
6695.494
6434.4277
5271.898
9395.381
19475.027
3995.2065
934340.56
5256.2
4051.224
10266.876
3245.225
6153.606
15721.666
2092051.2
4406.486
4570.1226
5320.3784
6268.865
5669.3984
2183.726
7339.4976
3873.5278
22230.56
4688.383
8005.037
13117.058
2810.9106
5252.613
6665.9243
2284.8447
4102.068
4390.2534
2883.3276
7178.018
17427.996
11148.282
37764.727
5562.7915
4287.1694
565135.44
593909.94
13003.193
4731.439
5767.909
3914.1416
5235.407
4329.713
6414.4
3250.8225
12188.607
6338.741
11255.69
7067.0273
5465.8716
6531.9395
4742.0566
2506.7764
854420.56
22190.43
7192.4946
3629.2114
1863654.0
2031.9254
12482.006
665875.4
9202.809
2482.4055
5266.0674
6780.8726
6765.717
7139.334
3375.3179
4393.1313
8120.3867
14117.927
7627.2803
4394.588
109887.164
3929.4639
8883.526
8179.604
11340.576
7399.3257
25137.248
4446.7646
3589.522
2789.7195
6359.449
7224.286
52553.26
4488.7817
4437.02
12140.894
3999.7852
5239.0327
5603.3584
6501.215
25669.873
9920.32
3141.8674
3512.562
6267.6665
5624.823
2893.7803
233643.66
3617.259
5404.723
4053.9321
6940.7334
3296.7556
3575.828
6480.6226
5577.714
8096.805
20171.223
8633.147
8107.8364
5283.0513
5358.2583
4068.7761
10757.881
6460.7314
5003.794
8129.5596
8522.85
8096.7676
53032.39
5358.6104
838189.44
3945.9624
5119.38
3387.87
2867.2812
3578.571
4505.7285
2508.3665
6736.738
7884.579
4858.408
17523.867
7234.819
7981.328
5271.713
3638.9153
5920.8857
3085.754
8755.267
7531.034
12802.227
3008.9536
5460.033
4504.1553
6944.13
4572.6235
14448.129
6193.024
1705259.8
6489.4497
10280.172
7074.5825
6850.7285
4325.3516
4937.5547
4701.708
2031.8804
5565.2554
9816.455
8362.272
5348.476
4204.8555
4102.087
8824.403
4134.3135
49252.01
3699.1497
4056.2856
6928.0684
6060.6772
5915.78
16527.32
4485.5522
7624.9673
3577.9067
5685.9297
5756.2305
3787.868
7887.837
6208.6387
5856.5063
6087.248
5511.471
3422.9468
5279.5127
5511.999
7299.8164
3836.4685
6120.4653
7908.417
5370.854
18340.895
5193.5713
6650.2095
5885.2686
2515.482
7641.6274
6847.012
3158.5278
6300.267
3972.1685
5563.3955
6899.1914
7252.1943
6293.9277
4750.097
4691.467
5982.574
5260.1816
5092.163
7435.5723
4177.8223
4498.5815
3532.6414
5060.035
7625.164
5563.841
7737.0923
2718.4556
5121.5874
7560.8906
4160.1255
6676.392
2818.0574
7274.5605
7447.3154
17079.578
4652.4966
6967.5845
3795.3242
3734.3318
5879.6035
7019.8135
4354.964
5616.551
4177.0366
8960.689
4268.4653
2119.1472
4958.972
7035.943
6833.585
4234.9277
4331.421
3527.394
7407.5303
5569.758
508461.03
5659.7783
12357.655
6818.4893
4080.0112
10758.414
8644.107
6400.041
5900.869
5116.508
7653.8833
7345.6875
5353.461
5449.6797
8838.604
2502.329
5841.678
4704.927
8340.354
4970.212
8850.662
6846.5967
72383.37
11658.833
2719.158
2630.6506
7469.922
6657.0996
4445.2427
5106.6733
4227.124
5033.428
4352.4116
5030.998
9648.545
5995.7646
10874.338
6025.637
6058.0713
6425.1035
4545.665
9747.151
4394.135
2407.726
4940.9814
7019.7324
8298.005
220009.06
6041.7656
4305.217
6371.885
7900.7793
6106.075
3854.1191
6227.062
5050.7827
4128.9062
4483.8857
2477.4802
8829.383
2782.2063
2363.2314
5675.0366
6075.808
79776.05
6934.4917
4610.488
3563.6404
1612946.6
4479.293
6361.017
7204.753
3748.6006
8834.253
7402.3564
3247.991
10017.791
5149.4673
73231.05
5594.7036
7384.6533
4881.4575
6604.1064
10261.317
6299.0547
4710.5293
8064.2627
3681.451
3983.9292
8017.9277
7178.245
4846.3403
6554.1367
7213.4644
6011.7573
8484.972
5508.8564
2772.7107
5052.7476
19471.688
5352.6797
5202.868
4060.4536
8883.139
3536.952
7062.999
4363.7046
3561.7644
5849.8413
7782.9795
8431.105
26220.035
5289.2246
7594.4863
7287.5674
6496.936
7835.4375
3118.3228
3889.2986
3909.0586
7480.586
4599.353
4440.323
6441.893
2709.6772
6817.1504
2386.034
4460.6685
6928.261
5923.2393
12468.32
5732.408
10205.211
11031.426
6475.1753
23706.645
3442.6685
5918.0063
4061.1423
4281.7437
5625.0522
5462.9814
55639.086
6801.6987
5642.3003
6295.335
4756.0884
5589.9473
4044.9844
6129.7373
4931.361
3429.2593
4702.0503
5821.972
12918.022
3714.309
8536.34
6151.189
5384.6343
3688.9624
7389.931
5635.2935
6583.792
44604.414
7474.286
4649.4565
7242.722
4231.5073
4199.5317
3577.5867
3515.9802
8411.759
19283.238
3176.0625
4573.326
20226.768
4126.296
3612.9778
6866.0415
4218.946
5672.111
2389.83
3319.548
4531.179
6659.6777
5786.9937
4808.002
14342.642
4547.6377
4081.795
7191.4365
11112.163
6346.8037
7316.87
5379.679
4079.8723
7118.756
6102.051
5817.5195
5221.5244
3599.8242
2974.7888
564994.5
5227.5356
4640.933
7477.4507
5268.693
4057.8853
58932.848
3508.7554
5199.9575
3796.7705
7435.1304
38627.094
7834.0786
7866.528
2514.339
6881.3125
3199.2805
14764.239
9165.48
5369.451
7015.2354
6169.157
4722.524
7284.841
4143.3506
146433.48
84719.62
8079.134
4688.4937
5439.7476
15602.456
4494.3564
7515.735
5322.9004
5184.7686
6582.699
4257.3115
3952.9001
5520.109
5058.243
5140.002
53057.383
4081.6423
8782.547
8425.674
2118811.0
19011.742
3783.2827
6863.313
6189.1484
7731.087
6338.9644
3840.4143
4773.9453
5478.9277
17880.053
3495.952
566183.44
3967.6821
6163.8267
5584.0474
6672.0747
3538.8022
45668.547
3946.3953
6343.9507
340914.8
3734.6091
8125.56
5774.252
12770.349
107786.125
7766.4497
13279.765
825471.2
5300.916
10536.948
4886.255
3543.2751
8884.444
4722.8354
3146.7915
7403.601
4156.5024
4159.422
3647.855
5073.707
8140.651
4762.1245
3869.7776
5456.5234
5050.7637
6236.6934
4306.409
11391.444
3832.876
4423.7305
5536.4966
5625.6343
6271.9937
5108.3296
6927.169
2710.0396
5402.4795
4077.6416
5366.3687
5509.0513
6287.9424
2323.5698
14531.499
5862.7
6334.301
4942.0977
5154.0933
7134.934
10069.924
5061.0366
6440.376
2477.2769
2570.2222
3149.437
5821.5605
5983.158
5652.124
6333.6235
4851.7544
289069.28
5929.0947
6368.036
4916.4556
4279.3364
5258.3643
3622.5413
8848.977
6408.236
9159.309
6705.431
20553.596
7146.473
5430.0654
18290.607
4984.5225
5566.0044
7536.51
5197.7515
8544.165
7357.051
7425.376
6032.3105
4795.7334
5145.0933
5819.9487
4433.654
4564.323
6756.1035
6256.6396
7156.575
5419.9995
6379.87
519388.28
1554818.6
2353.455
2316.9058
3230.463
6739.0
4539.9736
7426.9253
5240.809
5762.843
8585.249
3870.4785
7232.3135
128934.195
5366.994
4165.702
5609.131
3996.1267
9668.902
4249.9136
4779.6323
5508.1606
3992.769
4319.632
8202.303
28726.69
7484.842
3747.466
9208.605
2402.5044
7921.851
4481.93
2613.1978
5494.349
4993.7944
9432.168
10709.713
12875.185
16775.709
5392.2476
9843.986
6254.604
6617.35
7700.539
35766.383
5809.7295
4865.5366
6564.089
5316.916
30277.32
5101.3804
6616.9326
163679.56
5724.2104
8808.75
4912.916
16891.97
7371.079
10245.602
6403.5522
10203.769
8072.667
3775.9644
6800.0913
3339.9097
5905.858
3148.9434
3868.1785
2708.4658
5521.423
6485.942
7754.077
6646.5063
11847.618
4132.8027
5001.745
10408.719
2642.702
8158.054
5070.1953
3124.241
6781.0537
4514.499
6457.737
8912.974
10846.543
10494.228
8073.6343
12307.904
7103.4775
1183965.4
3042.116
5385.454
371811.66
4018.255
7867.076
61215.24
6145.715
6160.741
17222.607
3601.0188
4765.864
3245.963
6811.3613
3523.0083
7613.203
22692.305
6814.7334
10882.927
2870.2566
21251.307
7599.8423
6257.3774
8027.243
28867.373
3809.2812
10148.577
6973.8594
6668.4824
4371.522
6467.1123
7517.081
11583.39
2293.8816
2290.1938
15975.976
5095.2295
5109.189
41838.24
3564.1812
5493.612
191153.31
3543.8394
6477.373
4199.9873
3972.4553
4035.881
2605.5137
7068.9736
6736.541
4791.064
5124.0586
12236.009
12126.984
5846.377
5738.014
5641.7173
7807.3286
3683.191
5222.505
2557.324
8568.445
4853.88
7871.1406
4393.997
4161.616
735364.4
5403.64
3799.6545
3506.999
6128.8145
8024.2446
4899.4253
2914.3003
8698.486
4344.4536
2156.525
9009.28
4523.365
43217.164
145497.64
3571.7307
32032.227
4260.1787
9826.019
2740.7632
9306.225
8289.193
2774.7703
6019.131
4628.574
5910.658
3906.1084
5487.7314
5376.7803
6709.336
4526.705
6538.2085
8172.928
15988.229
10035.579
10601.494
2502.5083
5387.3896
2239.3862
6311.084
8896.983
7041.0815
5047.904
5804.6255
53156.848
8227.829
6977.4756
3622.1567
9101.61
8034.0977
5355.377
11054.609
3600.8506
4893.774
33493.984
12603.078
4956.7744
4239.8574
183043.28
6672.364
5363.985
5140.0527
5865.046
7121.7324
3455.5413
4309.157
4235.8457
9894.089
19481.988
3626.979
6125.4023
4553.3584
5754.0083
4181.6426
4736.1147
5559.654
8049.5547
15096.549
28710.652
5135.745
5011.23
5316.784
1069854.5
10838.29
4178.531
5668.3135
6903.7104
13688.488
9596.048
4505.1436
9694.154
2421.3381
5389.164
5334.77
6027.2124
7481.8633
5280.8877
66193.234
6347.482
9400.225
3426.1592
3601.8413
5323.0107
27596.25
5298.7725
4334.409
6126.9893
14258.028
6046.458
6914.047
9701.469
4397.7363
6603.534
6815.8286
5826.328
8969.553
1709095.4
4021.5227
9107.4795
4320.3184
31712.05
7190.987
6176.847
3524.7354
2722.3318
6663.783
7198.796
5558.933
2561.0598
8405.977
4431.089
8389.96
7018.927
8462.658
6189.585
6678.6514
4583.7354
8689.675
6205.7993
6259.484
11354.986
6338.05
5113.4497
6287.2817
4911.359
3461.655
8646.566
12734.676
7990.79
3942.43
5773.489
4876.0933
2386.2747
3668.5994
3573.3567
8486.775
2442.5154
7114.7515
3476.7227
4092.0332
3676.8901
4838.011
4871.2188
4379.6826
6516.942
4589.381
2289.4062
4000.2144
3664.653
4470.7847
5821.4717
3785.7974
8368.023
9122.111
6403.409
7551.6313
7232.671
3343.2524
5699.371
4822.4004
3563.0017
2516.3408
7096.926
3458.836
7480.324
7022.019
7148.923
12512.503
11923.791
5089.244
5671.412
6260.1597
5573.176
4404.4463
6462.162
4956.8364
8632.728
5008.702
8780.316
2923.1145
6924.931
3149.7466
5711.36
6821.237
14885.258
3263.3977
23625.023
7493.3813
6489.211
5491.291
10118.638
6811.015
6272.199
2320.5996
8310.758
3054.713
379395.47
5293.0635
7126.469
5413.5435
2496.7524
6874.951
3783.3928
11382.511
4917.361
7827.582
6170.1123
7474.0254
9622.202
5618.9316
3772.2295
13628.389
4339.585
16380.87
6593.7617
6285.625
8624.88
2729.3254
5440.3223
7719.7783
6048.9097
2430.1775
6937.127
4064.2393
9171.381
4722.4116
5065.6206
197909.45
6493.4805
5742.2593
3660.94
6799.1245
4535.8433
2653.935
3425.0166
8767.113
5856.3174
35849.062
4380.9893
5828.373
13785.985
5194.9
3534.616
9573.682
6518.4517
7351.74
4869.585
3858.7427
4128.6426
4991.5205
8205.702
6098.8223
9509.973
22199.184
22390.89
5510.0664
6017.652
11169.072
9890.6
4446.605
6283.1523
6698.28
4556.847
4510.4243
5917.697
9355.007
4012.9792
5562.507
713262.75
2625.337
5526.51
5023.8984
6097.8535
3530.6782
5437.801
5820.043
9992.406
7584.944
4499.094
7157.537
322948.47
8028.577
26082.242
4685.2544
9472.246
12194.524
7452.4346
4706.593
4265.676
8509.3955
2504.6675
11001.017
6774.63
4720.909
4872.4507
3305.9749
10272.033
3100.0063
6493.194
5931.5957
5266.999
10025.361
7805.3203
3457.621
10459.469
5448.4995
2762.7458
4213.8643
2518.129
8060.8955
10278.773
3862.1667
5274.1846
5760.496
3713.882
4302.86
5420.367
7208.756
6815.31
22918.672
12892.906
4906.3438
3092.3562
6754.587
6355.903
7211.8203
3657.6157
3730.3716
5409.93
3599.5261
4388.6807
5537.037
921005.0
7642.5293
9060.132
4282.8066
4317.829
17355.434
7317.7256
6610.5156
6096.104
8688.23
295884.94
5516.417
7564.112
3274.415
5660.374
5170.7476
5186.659
4899.9517
5636.457
7613.801
7448.7944
5213.928
2558.7551
5334.0913
7835.6
8394.549
7470.38
3942.3389
5066.2466
5758.6924
13799.437
3726.869
7190.482
6002.531
2352.264
5323.477
7161.942
2221.0447
275496.6
3812.2847
8678.975
10411.6455
6008.3413
3414.1626
6120.6543
6118.342
24542.416
3601.9827
15670.698
2495.2114
5160.4346
6376.6016
6144.969
2812.2903
8808.961
105481.19
10601.302
6124.4004
2482.4937
6775.8706
4379.318
10348.357
2855.7764
2977.2488
7176.98
7214.5376
2906.4258
4198.832
8946.646
4783.8765
8093.5
11117.258
3922.7332
5102.8325
4973.8555
7540.411
5008.6045
5823.129
26682.514
2679.9395
4370.4854
3984.423
5700.69
3575.8438
5436.4946
2508.8347
5419.2676
10294.395
2600.3179
6406.1016
8933.229
4756.7446
7656.226
2512.6636
2221.1826
6863.4688
8582.375
6144.5107
4835.508
6083.3804
6222.5195
13336.539
5514.929
9802.179
5781.7847
7173.667
7720.8975
5671.194
6870.159
38068.176
8143.75
2045.3644
4793.6177
7244.176
4481.073
6273.546
4581.1104
4306.3657
5533.0625
16954.295
6722.219
3535.7983
34289.01
4866.421
5949.3457
7190.366
2471.8164
6005.9863
5076.1113
8507.528
19535.045
10357.931
8288.787
5207.898
5699.8574
4439.0845
3557.047
4734.847
4956.804
10776.999
4765.961
6120.6035
4034.5034
4592.2686
4517.067
4793.4277
5471.725
10517.578
6364.5947
2300.997
4073.259
5660.6157
8912.818
5932.108
5896.0264
5608.617
6285.7295
7026.8096
6167.2456
4101.68
4373.4775
8183.367
324453.5
8231.824
6433.4424
2970.725
494985.06
4365.5537
11171.693
4519.9043
7056.1504
6922.7285
3663.5103
7502.5664
4788.8716
423481.84
8898.282
4299.288
3562.0977
4042.5574
5710.0444
7942.447
44222.582
7534.325
478263.34
4831.771
3812.5916
5453.6953
5167.581
7985.6187
5248.0234
6314.8633
7734.3916
3912.1987
4323.5293
12350.871
2591.8623
16365.818
2688.5386
3967.7778
3830.9985
2834.467
2595.572
4760.842
6830.2188
5682.9844
7029.7515
2435.4272
5989.453
2667.9956
4614.6235
4971.9434
5597.28
6136.605
11358.997
5093.224
24775.215
5289.9033
16246.617
4948.0435
2504.1338
3336.664
6582.8096
4169.7896
3619.833
5816.212
7870.5605
8321.84
4792.2
3754.904
4518.694
10020.323
4814.8105
33506.566
5586.895
2444.9329
198422.06
2080.5151
3530.2231
8320.197
7064.6055
7791.2773
4100.7344
6817.117
4634.058
1511410.6
4812.0547
2061.7456
35884.027
4554.1636
9797.317
7639.1143
7729.414
9615.93
6008.278
248320.97
5888.1685
5403.5366
67062.68
2401.2253
4699.717
7905.618
5289.8623
5176.7017
2523.4702
8967.523
3949.1196
10594.561
2876.9695
19293.547
7493.7065
9821.159
8572.451
24599.482
6685.8667
3424.91
4776.1543
4353.2485
6504.7383
8153.3223
7308.634
8826.738
8745.311
6972.425
11110.268
5304.6914
2667.8855
7501.535
7460.571
9776.434
4370.533
10439.289
6668.638
7170.197
2864.2278
6524.1626
9961.802
3660.71
12060.858
3992.0605
6400.7324
3591.6748
7338.8486
3895.2456
5723.2236
9095.631
2880.2498
19099.5
367476.34
3493.7166
4780.2886
5473.698
4507.076
11873.011
6089.9277
3335.7112
9362.545
5502.4907
7950.661
3410.338
6822.4146
6276.593
8470.448
4186.4517
917174.9
13783.992
11488.169
6561.412
129296.92
6551.713
2926.7964
3538.9863
7319.498
4211.047
3553.1233
5119.9326
3778.5208
12933.152
9246.628
9256.17
24684.055
6608.593
3419.1304
31829.78
7335.081
7088.034
7314.451
4075.0056
5883.957
4066.7969
4000.9524
4502.53
2661.0464
3944.0042
4169.381
3377.2942
5365.286
8445.19
5718.7803
9606.993
6566.798
6500.513
5783.5767
5812.644
5136.204
6808.003
6283.807
4274.938
4213.185
7426.595
7069.8096
11901.844
4203.091
8181.8047
3762.9946
4664.062
6197.108
4753.251
4241.1733
4729.365
6824.6606
10172.772
3988.401
5366.315
4357.121
3172.5176
7658.539
4221.3486
3857.5742
6976.3877
28908.443
9167.574
8240.971
6148.5156
5998.1587
3861.725
6298.283
5639.237
3724.1719
6724.1304
92240.79
4575.3228
7230.409
4860.293
5141.6943
14694.391
7619.785
7425.1665
6621.196
5994.0503
6577.548
2813.2583
6393.6357
3807.4597
4580.8267
6389.116
5536.47
5026.1494
5228.018
5410.265
9953.353
4143.2373
10117.99
9976.569
8001.5796
9000.292
6990.211
16837.242
8913.924
21869.473
9788.296
6444.4707
8654.287
27606.537
14201.049
8331.518
2776.0203
6610.1577
8103.868
5927.7104
5837.425
15559.201
3101.367
7027.877
4136.8555
3508.7415
181674.9
7535.174
6696.817
5725.17
6111.454
12462.584
62751.844
17084.219
7017.2207
6774.4756
5413.2207
7514.4316
6248.711
5832.7866
2851.4204
6156.9243
3792.6409
7125.2485
6326.1514
4555.158
8567.523
5292.1045
3487.9167
5499.8906
6630.2373
5139.204
3475.221
7108.32
290750.56
4540.3555
9736.001
3626.8423
14020.367
7375.493
8448.355
975879.25
4846.857
8701.063
6873.224
6124.168
5463.5103
7314.9136
5934.981
4410.63
36232.547
4811.3247
7363.9995
8368.537
2892.6294
5013.001
5809.513
7366.2725
6321.5376
7302.831
9041.609
6504.421
4415.0938
6732.8716
9191.563
8813.357
4385.5264
7029.703
8884.195
7602.3105
6227.737
4816.71
14478.793
6058.698
80200.64
7232.6367
3050.716
5983.614
6571.843
5809.0356
6708.0137
5402.177
128103.17
7097.8643
14841.166
5016.6616
5936.6353
3733.039
10776.705
6991.133
9295.162
8268.515
4157.121
2482.2673
8772.91
5911.5063
6705.43
6914.7544
2258.044
7624.2676
5141.024
4656.0947
4007.1804
37806.094
6589.853
12680.758
5642.7065
8919.151
14760.3125
10282.276
2770.2761
1414688.4
8865.058
3954.22
2708.057
6931.5757
7794.045
5860.2827
6818.353
9048.589
638378.1
9733.936
129292.086
1169409.5
6872.032
6390.244
16932.504
5623.7744
10041.25
15475.228
6714.9404
5931.7744
3557.9382
7277.9795
6824.5493
3985.2397
8744.832
7227.638
6161.727
2309.8071
4885.982
7201.181
11432.273
2501.907
119848.82
5581.355
6631.413
8681.427
5442.608
27031.133
7021.851
8272.3545
5916.385
8749.703
4801.7534
2706.9055
9467.465
3399.8254
5746.2363
13541.414
5776.6265
9445.956
5796.06
5011.116
5756.562
4728.85
3954.5215
5997.779
5007.8076
5814.2334
5096.5503
9278.6
9526.17
20369.62
5961.076
7922.5083
5083.2446
11107.676
3764.9329
9820.189
20148.781
4156.76
8680.375
3717.2166
5679.719
11898.497
6045.2617
1279535.8
9687.676
6661.2764
30832.107
4539.241
4440.9673
7178.8413
5606.025
5283.345
8068.6733
8392.715
9286.055
3385.7583
3759.825
6092.5005
7172.9116
7361.38
26562.668
7941.7197
8568.956
4390.9204
7788.883
3878.7996
5006.687
3401.4517
8209.863
14491.242
7054.6753
5984.7383
7304.621
2860.607
5130.1235
6387.3613
7272.297
6786.341
5955.638
5979.763
6280.4653
4572.248
4100.2056
5834.492
6084.1553
7753.1484
4890.3735
5711.0137
7416.9985
4494.953
5973.02
8986.167
6875.91
2392.2104
5778.0703
8103.4863
8081.461
11490.392
5811.7437
2968.9517
9859.095
14674.805
8001.5024
33945.19
5439.594
45034.156
5629.2803
9074.0205
3318.2637
8984.331
7856.9175
4282.566
5366.836
3337.9248
13147.9
7781.0225
4616.983
3513.4558
3891.7449
4256.263
6234.414
3631.3682
19469.617
3771.132
6592.469
12950.26
7026.4185
8303.66
7715.932
8312.56
4668.5605
4146.2397
4391.998
4477.8193
4984.6367
7725.565
4451.365
4068.1782
5094.498
5497.702
33280.5
7051.846
6526.762
7246.8096
6484.8584
3614.4358
22592.322
4048.75
5418.9326
13957.6455
10080.549
4456.6743
6373.823
5371.7847
4849.634
9046.929
7152.476
7284.757
4941.567
8176.4277
9707.041
2372635.0
3594.7007
870791.5
11011.01
11890.33
4748.5713
5120.8423
12914.242
4661.3096
8722.826
5731.6094
6186.416
12995.39
8574.811
12704.093
5851.8115
2384.1567
4464.6064
7546.488
4665.8066
10148.84
6297.7
6241.4224
8269.906
122707.445
6990.302
5236.4053
6101.7207
2312.0767
7006.3945
57453.63
5443.597
8101.1455
4263.2754
5135.39
9836.609
6256.751
5289.742
7294.426
86461.62
3865.3574
3352.3237
4790.5967
10653.945
4774.0864
7119.5444
6098.549
7701.254
5153.6294
11791.664
4100.4087
11071.503
9279.906
5971.703
5386.243
9363.38
7031.993
6723.353
11593.873
5906.2227
7411.9307
6176.241
4488.547
2660.6392
5064.5195
8797.232
5536.6123
5109.417
7975.138
6971.25
5150.932
6022.2417
9917.204
5910.084
2379.683
4535.3877
8595.675
2371.5854
6503.92
5615.674
10772.565
3527.905
7256.32
3650.1692
8785.971
5105.9746
6765.6147
4373.0967
3797.022
4608.588
3592.993
6326.1143
6616.0957
4172.2065
7553.1943
7452.844
4745.37
2317.811
7936.289
4789.9434
18374.521
6020.998
4385.981
4608.2954
7521.754
4982.074
21104.623
6349.4927
10718.6
8121.8477
7322.773
4297.2383
4310.1685
5427.0576
4015.078
4819.3022
4059.7717
9983.509
2716.6604
6924.2554
4333.88
15096.875
6259.911
5429.3667
7041.5303
5679.8447
4765.839
7851.658
4016.609
4928.9814
8765.718
10104.002
4854.727
7215.7607
10216.742
4775.9316
7897.933
194724.77
5868.027
3595.5076
7101.4907
5861.124
4506.201
6469.541
5508.4097
7634.893
13660.278
8009.962
5607.0757
5307.725
8467.56
12169.782
7171.7407
6335.8027
4691.8613
4787.29
7501.5547
7320.778
3297.4822
5257.511
8673.055
6652.8115
4926.417
6214.6733
6544.825
4452.125
5255.624
6726.5176
5867.24
4948.0444
4258.712
2198.1855
2203.683
7845.218
7770.8145
4358.3765
6559.4434
6721.169
9415.011
8971.423
6893.034
4544.721
12807.636
23555.947
5851.544
7972.249
6550.0747
2566.6567
4252.8413
8684.997
6763.6597
287661.75
6119.2974
7429.3164
3926.4175
5868.6025
8298.944
99994.77
5857.8496
5306.957
4637.8936
5784.194
9440.015
6208.659
2943.1738
6562.229
5783.1934
7108.14
3887.5452
5099.1836
5676.4727
52910.51
4818.6943
4613.526
5723.261
6929.949
7192.0586
9413.055
6144.109
9441.232
4342.0093
5944.9062
8952.987
156175.42
4140.5054
6015.351
110614.69
8664.82
9741.632
2488.0515
6059.547
16686.379
14981.279
6826.2734
2853.9917
3998.9602
2548.271
7111.073
4481.7983
4948.788
17961.936
7770.8887
5208.5312
3472.6912
2471.791
5622.934
34498.902
2589.387
12549.439
8507.7295
5401.163
6742.0825
6103.2056
10860.009
6951.229
5580.3765
6860.715
3387.9778
2718.6272
7131.3955
8096.951
3414.5374
6099.8096
3966.2048
3863.7126
6559.9976
12442.376
6734.7544
3611.4148
15741.935
5115.21
11674.299
5975.957
5245.745
4164.0405
753452.1
253941.55
2253.6914
5932.0845
7371.373
7153.4697
5519.8486
2631.3213
6101.799
6983.2646
346360.84
5334.4893
10242.512
7618.763
4903.5513
3503.1118
5408.3975
5682.9214
5804.3716
7000.2866
2294.247
7496.7837
4646.0107
4750.1074
6375.267
4303.62
4121.863
3787.018
5719.6304
5816.313
7502.349
5239.794
9454.318
6398.954
9313.377
8087.0137
4575.144
5281.949
2858.6182
6164.963
3388.4458
5609.321
4392.421
5567.9673
8183.075
7636.5938
23165.828
5938.664
6651.962
148588.86
6654.2334
4780.6987
5181.227
6821.627
3279.7285
8411.956
6912.8115
7219.147
5257.6406
6188.963
5380.798
4043.9717
5060.0312
5504.7227
6253.11
6504.0015
6527.338
4797.4556
6297.467
8715.93
5634.838
9392.223
41972.758
5227.8447
10296.808
9336.369
7790.36
2479.1812
7908.3315
6322.223
6140.763
8444.884
6131.7593
7290.7173
4029.2764
9134.39
7468.428
14857.847
4345.8125
2861.5464
7281.425
17505.03
4173.769
15606.277
16008.639
6357.1406
3876.087
7741.5947
5356.509
4225.1045
30593.965
6516.07
5099.775
6789.872
10218.789
11466.567
5266.2324
3656.7427
5307.9233
8667.985
3971.23
4723.9507
8445.164
4986.141
5643.6724
6193.0674
5704.387
599564.1
3579.275
5092.1035
6475.1064
4962.5103
6937.465
4041.415
3011.5288
7907.086
4291.4146
6929.149
3455.6448
495128.7
5497.3027
4946.493
6584.2725
4403.8467
6197.5186
6128.284
5273.061
6425.747
6776.6636
13291.079
5611.279
6519.9375
8066.877
8135.032
2335.9229
9163.4375
6057.646
793713.1
5101.1904
8652.693
6717.372
6783.365
5469.616
4345.388
9657.877
7890.9824
17690.062
6416.342
10073.329
14123.55
13517.887
3439.9026
4344.502
5623.5415
6792.633
3548.243
5321.1885
4123.655
11748.429
15313.458
5537.754
18513.744
8693.882
4819.9834
41640.86
3453.0842
2738474.0
5220.804
4590.6987
7286.245
10461.22
6886.186
6072.8467
2979.4968
9868.559
3945.716
8920.752
3822.241
7149.1133
5301.8125
5404.577
11016.847
2943.4312
6616.6367
8792.426
8580.509
4429.7676
9256.083
1281202.2
2485.3018
3306.0027
5337.4077
6083.457
7066.06
3389.6697
3755.2559
8402.803
3495.0159
2145.608
9631.644
10175.473
4272.9707
5168.5444
5676.8477
7683.172
26299.002
5738.3125
5144.802
3473.1484
6780.13
5062.718
5162.9795
2820.6091
8901.61
3874.5398
5694.7886
2443.204
5242.295
657302.44
2653.4885
6636.424
4534.277
5522.8354
8886.867
4057.3784
6333.39
18048.875
6484.7793
5944.8213
6335.642
7147.224
5031.624
6676.771
7567.704
5304.5234
5253.208
11954.654
3910.5725
6721.183
8310.732
6768.207
214691.81
48273.598
5703.4043
7238.153
6564.452
2851.0837
24704.12
4811.5596
6866.473
32397.69
227991.55
4122.7026
9864.075
4000.4768
19782.941
5875.6816
5859.329
5464.559
5236.659
12611.2295
4860.1094
6171.5415
4689.1094
5159.96
6218.7764
5112.948
7338.9043
9092.822
20413.732
10901.484
7135.569
3843.9639
38943.25
6071.7334
6916.33
12659.944
2600.7239
4402.8687
11126.283
6215.262
4716.5127
4133.77
6271.3154
5932.4517
5935.8022
3886.324
5170.637
4465.4014
6032.32
7700.078
6354.617
17776.408
6241.7324
3772.0159
3718.4873
3763.972
5439.5776
6192.5312
2598.6858
4901.2334
4185.8433
15376.423
13679.295
4133.393
4344.3105
4686.8164
10190.126
3957.0454
13372.958
4944.403
5452.794
4365.7124
5431.7983
4748.682
5618.9775
2575.3206
29399.78
7093.356
13693.353
8289.841
125249.664
7767.8623
6175.888
43387.777
7025.1606
12303.876
4042.0586
6569.838
4911.952
6504.711
5905.6055
4400.147
4585.2827
8737.843
4291.999
5854.052
44437.977
3872.2354
3105.781
5408.0884
4195.0786
3510.5972
5487.587
2961.5574
5116.673
237001.5
5410.913
5806.053
38893.785
4949.6606
5101.0425
4552.6265
6878.717
61277.723
8921.715
5771.3076
3622.265
6021.356
5494.024
6863.775
5981.7
8212.381
7186.343
5243.031
12053.123
6866.958
3780.9248
6025.011
5060.677
2678.096
9017.563
8459.944
5474.608
2770.0247
5206.1313
4321.204
20105.955
5767.015
4646.9946
4981.5273
6901.857
6716.3345
6182.514
4216.5474
705871.6
108877.445
2476.2524
5567.498
103058.93
7939.7734
260525.81
8219.527
3839.0845
4180.0723
72863.08
3667.9775
5062.403
9352.074
16568.121
5551.18
6526.967
5276.4443
3946.3677
9777.598
13103.284
3039.088
9913.3125
4736.664
5093.105
4887.205
5158.9233
8347.805
5834.444
4160.623
9943.153
3188.483
3759.8467
5752.9346
5727.108
14258.165
6551.5396
2368.7563
2584.4475
4342.1724
9036.769
4883.967
6376.1323
8160.578
18527.65
9283.352
5927.9824
5238.633
5671.4463
12067.749
5714.1997
6354.609
4033.5405
5691.215
8314.246
7730.0645
6467.1064
6535.402
27815.584
6408.0703
35488.633
10493.284
6665.916
5538.609
3366.2393
7408.704
6286.1196
4990.309
4646.5073
7257.16
8896.873
2740.0303
6960.013
6684.697
8640.09
4651.48
5599.3506
5356.2847
4442.102
4329.4395
3997.3828
5873.6294
12085.706
9806.086
5084.841
4114.047
5914.907
2467.5889
5057.847
4140.4346
5295.792
1277610.2
315217.2
5312.3994
11769.895
3166.184
6705.089
5904.0776
5551.952
3889.8713
5017.177
3508.3203
4460.6753
4502.591
13194.025
3366.3823
4203.5244
21178.723
6041.642
6045.7
2771.4978
3637.2432
5469.3247
6960.899
4579.55
4561.614
3582.7935
5709.513
10303.617
9360.889
15202.41
9961.4375
130298.13
3261.1873
4040.2397
5980.064
2630.7961
7275.926
12853.547
5239.293
5029.7524
7519.794
5157.0664
2527.8474
6053.273
15513.594
7451.728
4128.279
7556.231
6272.073
4479.9634
5161.881
11867.728
4906.576
8102.25
4131.332
7660.7183
3781.5774
4995.7173
4110.1074
42264.508
5429.2476
5485.6055
7188.7905
4192.315
6558.033
5394.836
5975.918
4419.9214
11191.37
7945.344
6017.467
4652.0054
24179.318
9219.66
3592.7131
6252.446
9957.175
4350.646
7466.0483
8460.709
2143782.5
22218.916
7975.0713
4629.8057
2657.7642
5576.786
5919.809
4251.116
11585.812
5348.482
6355.9756
2671.4897
4459.3203
2406.528
3871.4443
4922.1226
7660.2114
4416.9717
13322.738
2877.9685
718154.3
8375.321
634269.0
10185.492
4221.7705
3025.7876
4182.0537
15248.504
7375.487
5319.801
3893.4624
6248.5864
5206.6934
6479.2407
8136.39
4217.057
4611.9893
2298.8945
2960.7722
6733.3135
2220.2056
6341.7256
3339.946
2155.9524
6411.789
7413.4717
2073.3147
4961.0654
7242.5586
9553.348
5401.7456
6701.258
4121.467
4712.875
5357.335
112260.19
5408.2656
12612.787
8765.784
5396.976
2618.5234
6586.6665
6133.156
4793.2173
5823.929
100809.08
7401.648
39331.094
3219.9595
7698.8154
955581.44
6543.5713
6606.4043
5387.282
10037.648
3412.231
9002.109
5878.4434
11917.542
7847.9756
41522.6
24723.564
5234.253
5439.598
8977.98
11748.648
12311.297
223800.12
20340.023
6715.487
5041.079
9626.729
14750.665
2332.765
8086.8486
7579.713
7816.8306
5371.407
19511.457
10602.562
6454.8105
5929.7856
7054.4287
16779.559
2254.0188
5838.639
4928.254
5908.4517
8263.316
127410.54
3136.3687
4558.407
8153.1143
4098.377
5208.412
6770.7905
5336.857
6863.1294
2621.482
6999.6514
6353.8994
6968.733
3533.1511
961964.0
5112.381
6670.561
5880.5195
3264.9812
5394.922
1432586.1
13634.76
5584.5283
9094.52
3810.8855
3599.4397
7777.631
3870.7532
4813.2227
8823.748
6273.902
6320.1416
10421.671
9081.845
3571.792
4785.7246
8605.579
5473.5454
5731.337
6701.353
5620.5977
7765.993
6758.33
5178.002
6720.7046
4823.946
6766.329
6395.368
3921.446
1123907.0
10240.994
7542.5825
4411.8306
4472.4307
6055.093
7524.915
4251.581
4915.937
7020.378
4018.1577
2337.5315
8489.977
5676.412
10037.165
4224.673
4305.174
6866.4795
6325.1978
6175.4766
6566.8525
6611.8555
5540.4155
4251.879
2307.4888
5173.7915
6879.787
5861.086
5080.0527
22946.547
6001.6074
12022.632
4934.6055
12821.646
101591.36
6538.0215
8503.729
11720.365
4594.8154
5622.807
7868.884
7042.8276
5193.015
4611.259
3826.455
5635.965
6055.0005
4862.4033
8673.294
6299.91
27495.064
5420.8833
8291.156
5117.7793
6179.7363
5267.172
7412.451
4865.7373
7384.293
7639.455
2275.144
9546.896
3994.556
10619.853
8444.449
9180.409
5931.7627
4415.1646
5338.805
5034.962
7543.0386
10151.296
3837.85
4664.055
7564.916
7061.351
3403.7354
7013.685
3421.501
7167.9795
4159.4097
5691.1484
6735.9546
8471.756
4191.2354
8676.751
4448.5845
6113.1353
5837.122
2705230.5
6376.6113
5385.696
5761.468
5423.6777
8319.155
7568.4595
10350.303
7891.342
7486.641
8095.159
4975.7314
2431.9478
4986.3623
11647.208
6149.867
9353.528
8207.832
5797.5654
3734.3813
4374.812
5865.6978
3430.8672
5919.1704
5297.251
12873.35
4377.9673
4869.793
2698.3042
4198.856
7657.7046
7566.839
4562.6904
8464.649
2008.0986
3722.9282
13629.475
3557.8892
28394.367
12545.473
6267.356
2642.6843
7163.331
1317334.6
5400.4453
8124.7314
15613.874
5622.668
2413.4646
6025.579
6028.1016
5312.566
11568.887
2317.4177
8325.471
6796.8667
6291.8613
5595.806
10805.885
3738.478
4689.385
4358.3794
4514.4336
8019.584
5622.361
5492.1206
3577.691
7917.4224
2803.3325
6245.1763
3451.6562
4963.798
7494.6274
6814.3203
8514.247
11580.991
6978.1553
6523.4424
6054.6333
6282.7007
8954.721
7166.9897
9189.15
2313.9626
5000.598
2268.469
6348.252
8913.249
3556.1333
6837.123
6142.597
5506.3984
13869.924
5723.92
6138.639
4393.6064
6455.1953
3758.4382
1613024.1
11798.16
3605.8625
5509.9727
4144.0176
12486.587
2820.7017
12590.8
2428.6887
4191.686
10902.45
4366.1787
3742.0598
4726.3633
7366.837
3215.4448
7952.77
7384.532
27163.45
7568.5576
4607.846
10060.62
5027.954
6832.086
9724.323
3935.5964
117622.32
4506.0303
7207.693
8128.0254
6711.4404
6596.086
7311.355
7026.8394
6610.002
5531.573
4072.07
3938.0874
8973.505
3401.4624
5501.5806
3144.5117
4651.87
3489.7927
6508.7437
4792.534
3836.381
5861.965
8415.717
4634.4976
7543.7817
6525.16
11511.976
7576.7837
3836.7
4869.5166
5205.302
9014.606
3916.4785
3807.1917
7450.962
4235.9404
5566.096
2837.5076
5226.3423
4284.9097
4358.7344
3910.8826
7338.3354
8920.96
7113.983
5264.1973
7562.247
5891.4077
15810.925
3881.2114
2632.9692
2844.3892
6100.4688
6370.3115
9744.588
5649.6143
3693.354
4925.4653
3879.5662
5382.5
3506.0588
4452.1353
6300.039
9884.385
2715.959
6972.346
62216.04
2440.3792
6431.8657
6975.543
6438.449
3776.5557
3768.262
3992.1145
8449.528
2721.355
4547.36
11177.489
7872.0957
6218.8203
20449.807
10079.554
5173.9814
6195.4614
7307.5566
10147.077
7288.225
3150.2356
10406.076
6430.61
7521.5605
5891.5894
2702.6277
4342.586
22484.932
4227.132
2278.4067
12028.197
5242.87
172953.25
5905.7466
123566.0
9546.983
4964.303
5508.9624
8008.234
4660.4746
42523.31
8726.609
7481.0312
6292.6826
2213.4673
10885.221
4342.4336
2648.7769
6407.401
4834.004
21004.098
5688.774
10531.055
7383.7256
14094.662
12358.637
8061.153
6172.946
20674.615
7752.9785
6329.4326
12120.606
363831.47
7716.0254
54127.145
5203.7554
23199.395
5007.8076
12338.021
5585.469
4044.8816
5011.08
3693.3528
2678.5332
9474.98
27393.506
2496.8433
4799.932
51337.617
8593.748
5028.095
3880.0278
9181.138
410954.66
7929.1416
4530.827
7063.9414
8767.711
5197.3096
4424.3286
5658.9756
5789.0645
2292.0337
9552.427
7241.055
3838.7358
5141.111
6199.1562
6317.9424
3250.3599
6693.0405
22438.16
5278.424
2529.847
3368.175
4110.6196
11230.316
6226.085
4957.418
5778.1143
4535.211
4734.419
6043.446
8694.026
3835.3657
5623.5903
7145.1357
5836.9663
5380.9736
3955.8635
62438.76
13529.865
4286.635
11055.634
5039.71
191596.7
5817.006
5757.749
8144.604
7003.1157
5322.131
71754.484
3570.4312
4223.1396
1383681.8
8827.336
5368.9624
6640.8076
7004.553
2622.9958
7715.132
6009.6504
10997.243
3775.425
8058.053
31259.666
7410.335
5692.5205
10777.683
6544.642
5618.561
7740.2
5555.6787
10129.683
6062.8247
63034.355
6849.7314
5017.13
5371.011
2219038.8
4702.0566
4068.863
2793.0771
62558.582
5479.2773
9964.245
5506.984
8657.627
5677.38
5343.9595
4769.343
6184.0596
2266.7065
4378.7217
3221.2139
7199.734
7839.511
5903.9204
2592.898
6261.3906
5033.144
7321.226
4608.117
8204.491
5252.9883
4591.26
6843.6094
5930.1655
2179.7305
4824.657
7223.207
3432.2583
4811.8037
50365.45
5966.462
4839.183
6024.71
25596.46
7530.6255
5690.0713
7815.962
3618.608
4914.822
17318.615
6601.894
5761.7676
2543.8757
10673.63
8132.2627
20819.264
3827.521
5032.9434
5259.6826
8123.8765
5900.7285
6687.8145
6558.4736
52696.805
6914.178
5682.9775
6049.1836
3396.971
5771.578
5096.8623
4728.1514
4230.465
2621.783
4318.066
5303.0557
19956.504
4217.41
4975.4185
6660.248
4899.122
4528.964
115446.84
6765.412
4430.9546
14629.891
5736.8926
571827.44
2858.9458
8040.6396
2720.9502
4173.6875
7447.673
7798.2773
7543.3247
4663.671
15416.289
7677.4883
4222.598
6939.779
5251.665
4412.012
6164.705
5196.397
26413.738
5841.2676
3921.849
3530.0903
6971.3604
14741.497
5143.889
21405.9
9278.375
2684.5708
4691.238
5923.1465
23950.701
6237.069
7425.655
3845.3276
3039.907
2765.4631
7753.985
3973.4653
6388.135
7154.965
9427.992
5863.0176
3528.9873
5954.8955
5796.811
6561.7427
10912.145
7396.8945
6332.074
8725.187
6000.8643
522405.12
4086.1357
2247.3242
8756.402
5962.585
13336.016
8751.787
7532.209
7378.8877
2769.368
27465.684
22489.725
4560.6304
4360.341
22162.912
6237.472
4032.3582
5924.8784
3813.8389
12147.568
8183.0107
3416.9258
3870.2024
